2.413657566900635 	 17.2
2.413557566900635 	 17.2
2.4134575669006346 	 17.2
2.4133575669006344 	 17.2
2.413257566900634 	 17.2
2.413157566900634 	 17.2
2.4130575669006338 	 17.2
2.4129575669006336 	 17.2
2.4128575669006334 	 17.2
2.412757566900633 	 17.2
2.412657566900633 	 17.2
2.4125575669006327 	 17.2
2.4124575669006325 	 17.3
2.4123575669006323 	 17.3
2.412257566900632 	 17.3
2.412157566900632 	 17.3
2.4120575669006317 	 17.3
2.4119575669006315 	 17.3
2.4118575669006312 	 17.3
2.411757566900631 	 17.3
2.411657566900631 	 17.3
2.4115575669006306 	 17.3
2.4114575669006304 	 17.3
2.41135756690063 	 17.3
2.41125756690063 	 17.3
2.4111575669006298 	 17.3
2.4110575669006296 	 17.3
2.4109575669006293 	 17.3
2.410857566900629 	 17.3
2.410757566900629 	 17.3
2.4106575669006287 	 17.3
2.4105575669006285 	 17.4
2.4104575669006283 	 17.4
2.410357566900628 	 17.4
2.410257566900628 	 17.4
2.4101575669006277 	 17.4
2.4100575669006274 	 17.4
2.4099575669006272 	 17.4
2.409857566900627 	 17.4
2.409757566900627 	 17.4
2.4096575669006266 	 17.4
2.4095575669006264 	 17.4
2.409457566900626 	 17.4
2.409357566900626 	 17.4
2.4092575669006258 	 17.4
2.4091575669006255 	 17.4
2.4090575669006253 	 17.4
2.408957566900625 	 17.4
2.408857566900625 	 17.4
2.4087575669006247 	 17.4
2.4086575669006245 	 17.4
2.4085575669006243 	 17.4
2.408457566900624 	 17.4
2.408357566900624 	 17.4
2.4082575669006236 	 17.5
2.4081575669006234 	 17.5
2.4080575669006232 	 17.5
2.407957566900623 	 17.5
2.407857566900623 	 17.5
2.4077575669006226 	 17.5
2.4076575669006224 	 17.5
2.407557566900622 	 17.5
2.407457566900622 	 17.5
2.4073575669006217 	 17.5
2.4072575669006215 	 17.5
2.4071575669006213 	 17.5
2.407057566900621 	 17.5
2.406957566900621 	 17.5
2.4068575669006207 	 17.5
2.4067575669006205 	 17.5
2.4066575669006203 	 17.5
2.40655756690062 	 17.5
2.40645756690062 	 17.5
2.4063575669006196 	 17.5
2.4062575669006194 	 17.5
2.406157566900619 	 17.5
2.406057566900619 	 17.5
2.405957566900619 	 17.5
2.4058575669006186 	 17.5
2.4057575669006184 	 17.5
2.405657566900618 	 17.5
2.405557566900618 	 17.5
2.4054575669006177 	 17.5
2.4053575669006175 	 17.5
2.4052575669006173 	 17.5
2.405157566900617 	 17.5
2.405057566900617 	 17.5
2.4049575669006167 	 17.5
2.4048575669006165 	 17.5
2.4047575669006163 	 17.5
2.404657566900616 	 17.5
2.404557566900616 	 17.5
2.4044575669006156 	 17.5
2.4043575669006154 	 17.5
2.404257566900615 	 17.5
2.404157566900615 	 17.5
2.404057566900615 	 17.5
2.4039575669006146 	 17.5
2.4038575669006144 	 17.5
2.403757566900614 	 17.5
2.403657566900614 	 17.5
2.4035575669006137 	 17.5
2.4034575669006135 	 17.5
2.4033575669006133 	 17.5
2.403257566900613 	 17.5
2.403157566900613 	 17.5
2.4030575669006127 	 17.5
2.4029575669006125 	 17.5
2.4028575669006123 	 17.5
2.402757566900612 	 17.5
2.402657566900612 	 17.5
2.4025575669006116 	 17.5
2.4024575669006114 	 17.5
2.402357566900611 	 17.5
2.402257566900611 	 17.5
2.4021575669006108 	 17.5
2.4020575669006106 	 17.5
2.4019575669006104 	 17.5
2.40185756690061 	 17.5
2.40175756690061 	 17.5
2.4016575669006097 	 17.5
2.4015575669006095 	 17.5
2.4014575669006093 	 17.5
2.401357566900609 	 17.5
2.401257566900609 	 17.5
2.4011575669006087 	 17.5
2.4010575669006085 	 17.5
2.4009575669006082 	 17.5
2.400857566900608 	 17.5
2.400757566900608 	 17.5
2.4006575669006076 	 17.5
2.4005575669006074 	 17.5
2.400457566900607 	 17.5
2.400357566900607 	 17.5
2.4002575669006068 	 17.5
2.4001575669006066 	 17.5
2.4000575669006063 	 17.5
2.399957566900606 	 17.5
2.399857566900606 	 17.5
2.3997575669006057 	 17.5
2.3996575669006055 	 17.5
2.3995575669006053 	 17.5
2.399457566900605 	 17.5
2.399357566900605 	 17.5
2.3992575669006047 	 17.5
2.3991575669006044 	 17.5
2.3990575669006042 	 17.5
2.398957566900604 	 17.5
2.398857566900604 	 17.5
2.3987575669006036 	 17.5
2.3986575669006034 	 17.5
2.398557566900603 	 17.5
2.398457566900603 	 17.5
2.3983575669006028 	 17.5
2.3982575669006025 	 17.5
2.3981575669006023 	 17.5
2.398057566900602 	 17.5
2.397957566900602 	 17.5
2.3978575669006017 	 17.5
2.3977575669006015 	 17.5
2.3976575669006013 	 17.5
2.397557566900601 	 17.5
2.397457566900601 	 17.5
2.3973575669006006 	 17.5
2.3972575669006004 	 17.5
2.3971575669006002 	 17.4
2.3970575669006 	 17.4
2.3969575669006 	 17.4
2.3968575669005996 	 17.4
2.3967575669005994 	 17.4
2.396657566900599 	 17.4
2.396557566900599 	 17.4
2.3964575669005987 	 17.4
2.3963575669005985 	 17.4
2.3962575669005983 	 17.4
2.396157566900598 	 17.4
2.396057566900598 	 17.4
2.3959575669005977 	 17.4
2.3958575669005975 	 17.4
2.3957575669005973 	 17.4
2.395657566900597 	 17.4
2.395557566900597 	 17.4
2.3954575669005966 	 17.4
2.3953575669005964 	 17.4
2.395257566900596 	 17.4
2.395157566900596 	 17.4
2.395057566900596 	 17.4
2.3949575669005956 	 17.4
2.3948575669005954 	 17.3
2.394757566900595 	 17.3
2.394657566900595 	 17.3
2.3945575669005947 	 17.3
2.3944575669005945 	 17.3
2.3943575669005943 	 17.3
2.394257566900594 	 17.3
2.394157566900594 	 17.3
2.3940575669005937 	 17.3
2.3939575669005935 	 17.3
2.3938575669005933 	 17.3
2.393757566900593 	 17.3
2.393657566900593 	 17.3
2.3935575669005926 	 17.3
2.3934575669005924 	 17.3
2.393357566900592 	 17.3
2.393257566900592 	 17.3
2.393157566900592 	 17.3
2.3930575669005916 	 17.2
2.3929575669005914 	 17.2
2.392857566900591 	 17.2
2.392757566900591 	 17.2
2.3926575669005907 	 17.2
2.3925575669005905 	 17.2
2.3924575669005903 	 17.2
2.39235756690059 	 17.2
2.39225756690059 	 17.2
2.3921575669005897 	 17.2
2.3920575669005895 	 17.2
2.3919575669005892 	 17.2
2.391857566900589 	 17.2
2.391757566900589 	 17.2
2.3916575669005886 	 17.2
2.3915575669005884 	 17.1
2.391457566900588 	 17.1
2.391357566900588 	 17.1
2.3912575669005878 	 17.1
2.3911575669005876 	 17.1
2.3910575669005874 	 17.1
2.390957566900587 	 17.1
2.390857566900587 	 17.1
2.3907575669005867 	 17.1
2.3906575669005865 	 17.1
2.3905575669005863 	 17.1
2.390457566900586 	 17.1
2.390357566900586 	 17.1
2.3902575669005857 	 17.0
2.3901575669005855 	 17.0
2.3900575669005852 	 17.0
2.389957566900585 	 17.0
2.389857566900585 	 17.0
2.3897575669005846 	 17.0
2.3896575669005844 	 17.0
2.389557566900584 	 17.0
2.389457566900584 	 17.0
2.3893575669005838 	 17.0
2.3892575669005836 	 17.0
2.3891575669005833 	 17.0
2.389057566900583 	 16.9
2.388957566900583 	 16.9
2.3888575669005827 	 16.9
2.3887575669005825 	 16.9
2.3886575669005823 	 16.9
2.388557566900582 	 16.9
2.388457566900582 	 16.9
2.3883575669005817 	 16.9
2.3882575669005814 	 16.9
2.3881575669005812 	 16.9
2.388057566900581 	 16.9
2.387957566900581 	 16.8
2.3878575669005806 	 16.8
2.3877575669005804 	 16.8
2.38765756690058 	 16.8
2.38755756690058 	 16.8
2.3874575669005798 	 16.8
2.3873575669005795 	 16.8
2.3872575669005793 	 16.8
2.387157566900579 	 16.8
2.387057566900579 	 16.8
2.3869575669005787 	 16.8
2.3868575669005785 	 16.7
2.3867575669005783 	 16.7
2.386657566900578 	 16.7
2.386557566900578 	 16.7
2.3864575669005776 	 16.7
2.3863575669005774 	 16.7
2.386257566900577 	 16.7
2.386157566900577 	 16.7
2.386057566900577 	 16.7
2.3859575669005766 	 16.7
2.3858575669005764 	 16.6
2.385757566900576 	 16.6
2.385657566900576 	 16.6
2.3855575669005757 	 16.6
2.3854575669005755 	 16.6
2.3853575669005753 	 16.6
2.385257566900575 	 16.6
2.385157566900575 	 16.6
2.3850575669005747 	 16.6
2.3849575669005745 	 16.5
2.3848575669005743 	 16.5
2.384757566900574 	 16.5
2.384657566900574 	 16.5
2.3845575669005736 	 16.5
2.3844575669005734 	 16.5
2.384357566900573 	 16.5
2.384257566900573 	 16.5
2.384157566900573 	 16.5
2.3840575669005726 	 16.4
2.3839575669005724 	 16.4
2.383857566900572 	 16.4
2.383757566900572 	 16.4
2.3836575669005717 	 16.4
2.3835575669005715 	 16.4
2.3834575669005713 	 16.4
2.383357566900571 	 16.4
2.383257566900571 	 16.3
2.3831575669005707 	 16.3
2.3830575669005705 	 16.3
2.3829575669005703 	 16.3
2.38285756690057 	 16.3
2.38275756690057 	 16.3
2.3826575669005696 	 16.3
2.3825575669005694 	 16.3
2.382457566900569 	 16.2
2.382357566900569 	 16.2
2.382257566900569 	 16.2
2.3821575669005686 	 16.2
2.3820575669005684 	 16.2
2.381957566900568 	 16.2
2.381857566900568 	 16.2
2.3817575669005677 	 16.2
2.3816575669005675 	 16.1
2.3815575669005673 	 16.1
2.381457566900567 	 16.1
2.381357566900567 	 16.1
2.3812575669005667 	 16.1
2.3811575669005665 	 16.1
2.3810575669005662 	 16.1
2.380957566900566 	 16.0
2.380857566900566 	 16.0
2.3807575669005656 	 16.0
2.3806575669005654 	 16.0
2.380557566900565 	 16.0
2.380457566900565 	 16.0
2.3803575669005648 	 16.0
2.3802575669005646 	 16.0
2.3801575669005643 	 15.9
2.380057566900564 	 15.9
2.379957566900564 	 15.9
2.3798575669005637 	 15.9
2.3797575669005635 	 15.9
2.3796575669005633 	 15.9
2.379557566900563 	 15.9
2.379457566900563 	 15.8
2.3793575669005627 	 15.8
2.3792575669005624 	 15.8
2.3791575669005622 	 15.8
2.379057566900562 	 15.8
2.378957566900562 	 15.8
2.3788575669005616 	 15.8
2.3787575669005614 	 15.7
2.378657566900561 	 15.7
2.378557566900561 	 15.7
2.3784575669005608 	 15.7
2.3783575669005605 	 15.7
2.3782575669005603 	 15.7
2.37815756690056 	 15.7
2.37805756690056 	 15.6
2.3779575669005597 	 15.6
2.3778575669005595 	 15.6
2.3777575669005593 	 15.6
2.377657566900559 	 15.6
2.377557566900559 	 15.6
2.3774575669005586 	 15.5
2.3773575669005584 	 15.5
2.3772575669005582 	 15.5
2.377157566900558 	 15.5
2.377057566900558 	 15.5
2.3769575669005576 	 15.5
2.3768575669005574 	 15.5
2.376757566900557 	 15.4
2.376657566900557 	 15.4
2.3765575669005568 	 15.4
2.3764575669005565 	 15.4
2.3763575669005563 	 15.4
2.376257566900556 	 15.4
2.376157566900556 	 15.3
2.3760575669005557 	 15.3
2.3759575669005555 	 15.3
2.3758575669005553 	 15.3
2.375757566900555 	 15.3
2.375657566900555 	 15.3
2.3755575669005546 	 15.2
2.3754575669005544 	 15.2
2.375357566900554 	 15.2
2.375257566900554 	 15.2
2.375157566900554 	 15.2
2.3750575669005536 	 15.2
2.3749575669005534 	 15.1
2.374857566900553 	 15.1
2.374757566900553 	 15.1
2.3746575669005527 	 15.1
2.3745575669005525 	 15.1
2.3744575669005523 	 15.1
2.374357566900552 	 15.0
2.374257566900552 	 15.0
2.3741575669005517 	 15.0
2.3740575669005515 	 15.0
2.3739575669005513 	 15.0
2.373857566900551 	 15.0
2.373757566900551 	 14.9
2.3736575669005506 	 14.9
2.3735575669005504 	 14.9
2.37345756690055 	 14.9
2.37335756690055 	 14.9
2.37325756690055 	 14.9
2.3731575669005496 	 14.8
2.3730575669005494 	 14.8
2.372957566900549 	 14.8
2.372857566900549 	 14.8
2.3727575669005487 	 14.8
2.3726575669005485 	 14.8
2.3725575669005483 	 14.7
2.372457566900548 	 14.7
2.372357566900548 	 14.7
2.3722575669005477 	 14.7
2.3721575669005475 	 14.7
2.3720575669005473 	 14.6
2.371957566900547 	 14.6
2.371857566900547 	 14.6
2.3717575669005466 	 14.6
2.3716575669005464 	 14.6
2.371557566900546 	 14.6
2.371457566900546 	 14.5
2.3713575669005458 	 14.5
2.3712575669005456 	 14.5
2.3711575669005454 	 14.5
2.371057566900545 	 14.5
2.370957566900545 	 14.4
2.3708575669005447 	 14.4
2.3707575669005445 	 14.4
2.3706575669005443 	 14.4
2.370557566900544 	 14.4
2.370457566900544 	 14.4
2.3703575669005437 	 14.3
2.3702575669005435 	 14.3
2.3701575669005432 	 14.3
2.370057566900543 	 14.3
2.369957566900543 	 14.3
2.3698575669005426 	 14.2
2.3697575669005424 	 14.2
2.369657566900542 	 14.2
2.369557566900542 	 14.2
2.3694575669005418 	 14.2
2.3693575669005416 	 14.2
2.3692575669005413 	 14.1
2.369157566900541 	 14.1
2.369057566900541 	 14.1
2.3689575669005407 	 14.1
2.3688575669005405 	 14.1
2.3687575669005403 	 14.0
2.36865756690054 	 14.0
2.36855756690054 	 14.0
2.3684575669005397 	 14.0
2.3683575669005394 	 14.0
2.3682575669005392 	 13.9
2.368157566900539 	 13.9
2.368057566900539 	 13.9
2.3679575669005386 	 13.9
2.3678575669005384 	 13.9
2.367757566900538 	 13.8
2.367657566900538 	 13.8
2.3675575669005378 	 13.8
2.3674575669005375 	 13.8
2.3673575669005373 	 13.8
2.367257566900537 	 13.7
2.367157566900537 	 13.7
2.3670575669005367 	 13.7
2.3669575669005365 	 13.7
2.3668575669005363 	 13.7
2.366757566900536 	 13.6
2.366657566900536 	 13.6
2.3665575669005356 	 13.6
2.3664575669005354 	 13.6
2.3663575669005352 	 13.6
2.366257566900535 	 13.5
2.366157566900535 	 13.5
2.3660575669005346 	 13.5
2.3659575669005344 	 13.5
2.365857566900534 	 13.5
2.365757566900534 	 13.4
2.3656575669005337 	 13.4
2.3655575669005335 	 13.4
2.3654575669005333 	 13.4
2.365357566900533 	 13.4
2.365257566900533 	 13.3
2.3651575669005327 	 13.3
2.3650575669005325 	 13.3
2.3649575669005323 	 13.3
2.364857566900532 	 13.3
2.364757566900532 	 13.2
2.3646575669005316 	 13.2
2.3645575669005314 	 13.2
2.364457566900531 	 13.2
2.364357566900531 	 13.2
2.364257566900531 	 13.1
2.3641575669005306 	 13.1
2.3640575669005304 	 13.1
2.36395756690053 	 13.1
2.36385756690053 	 13.1
2.3637575669005297 	 13.0
2.3636575669005295 	 13.0
2.3635575669005293 	 13.0
2.363457566900529 	 13.0
2.363357566900529 	 12.9
2.3632575669005287 	 12.9
2.3631575669005285 	 12.9
2.3630575669005283 	 12.9
2.362957566900528 	 12.9
2.362857566900528 	 12.8
2.3627575669005276 	 12.8
2.3626575669005274 	 12.8
2.362557566900527 	 12.8
2.362457566900527 	 12.8
2.362357566900527 	 12.7
2.3622575669005266 	 12.7
2.3621575669005264 	 12.7
2.362057566900526 	 12.7
2.361957566900526 	 12.7
2.3618575669005257 	 12.6
2.3617575669005255 	 12.6
2.3616575669005253 	 12.6
2.361557566900525 	 12.6
2.361457566900525 	 12.5
2.3613575669005247 	 12.5
2.3612575669005245 	 12.5
2.3611575669005243 	 12.5
2.361057566900524 	 12.5
2.360957566900524 	 12.4
2.3608575669005236 	 12.4
2.3607575669005234 	 12.4
2.360657566900523 	 12.4
2.360557566900523 	 12.3
2.3604575669005228 	 12.3
2.3603575669005226 	 12.3
2.3602575669005224 	 12.3
2.360157566900522 	 12.3
2.360057566900522 	 12.2
2.3599575669005217 	 12.2
2.3598575669005215 	 12.2
2.3597575669005213 	 12.2
2.359657566900521 	 12.2
2.359557566900521 	 12.1
2.3594575669005207 	 12.1
2.3593575669005205 	 12.1
2.3592575669005202 	 12.1
2.35915756690052 	 12.0
2.35905756690052 	 12.0
2.3589575669005196 	 12.0
2.3588575669005194 	 12.0
2.358757566900519 	 12.0
2.358657566900519 	 11.9
2.3585575669005188 	 11.9
2.3584575669005186 	 11.9
2.3583575669005183 	 11.9
2.358257566900518 	 11.8
2.358157566900518 	 11.8
2.3580575669005177 	 11.8
2.3579575669005175 	 11.8
2.3578575669005173 	 11.8
2.357757566900517 	 11.7
2.357657566900517 	 11.7
2.3575575669005167 	 11.7
2.3574575669005164 	 11.7
2.3573575669005162 	 11.6
2.357257566900516 	 11.6
2.357157566900516 	 11.6
2.3570575669005156 	 11.6
2.3569575669005154 	 11.5
2.356857566900515 	 11.5
2.356757566900515 	 11.5
2.3566575669005148 	 11.5
2.3565575669005145 	 11.5
2.3564575669005143 	 11.4
2.356357566900514 	 11.4
2.356257566900514 	 11.4
2.3561575669005137 	 11.4
2.3560575669005135 	 11.3
2.3559575669005133 	 11.3
2.355857566900513 	 11.3
2.355757566900513 	 11.3
2.3556575669005126 	 11.3
2.3555575669005124 	 11.2
2.3554575669005122 	 11.2
2.355357566900512 	 11.2
2.355257566900512 	 11.2
2.3551575669005116 	 11.1
2.3550575669005114 	 11.1
2.354957566900511 	 11.1
2.354857566900511 	 11.1
2.3547575669005107 	 11.1
2.3546575669005105 	 11.0
2.3545575669005103 	 11.0
2.35445756690051 	 11.0
2.35435756690051 	 11.0
2.3542575669005097 	 10.9
2.3541575669005095 	 10.9
2.3540575669005093 	 10.9
2.353957566900509 	 10.9
2.353857566900509 	 10.8
2.3537575669005086 	 10.8
2.3536575669005084 	 10.8
2.353557566900508 	 10.8
2.353457566900508 	 10.8
2.353357566900508 	 10.7
2.3532575669005076 	 10.7
2.3531575669005074 	 10.7
2.353057566900507 	 10.7
2.352957566900507 	 10.6
2.3528575669005067 	 10.6
2.3527575669005065 	 10.6
2.3526575669005063 	 10.6
2.352557566900506 	 10.5
2.352457566900506 	 10.5
2.3523575669005057 	 10.5
2.3522575669005055 	 10.5
2.3521575669005053 	 10.5
2.352057566900505 	 10.4
2.351957566900505 	 10.4
2.3518575669005046 	 10.4
2.3517575669005044 	 10.4
2.351657566900504 	 10.3
2.351557566900504 	 10.3
2.351457566900504 	 10.3
2.3513575669005036 	 10.3
2.3512575669005034 	 10.2
2.351157566900503 	 10.2
2.351057566900503 	 10.2
2.3509575669005027 	 10.2
2.3508575669005025 	 10.2
2.3507575669005023 	 10.1
2.350657566900502 	 10.1
2.350557566900502 	 10.1
2.3504575669005017 	 10.1
2.3503575669005015 	 10.0
2.3502575669005012 	 10.0
2.350157566900501 	 10.0
2.350057566900501 	 10.0
2.3499575669005006 	 9.9
2.3498575669005004 	 9.9
2.3497575669005 	 9.9
2.3496575669005 	 9.9
2.3495575669004998 	 9.9
2.3494575669004996 	 9.8
2.3493575669004994 	 9.8
2.349257566900499 	 9.8
2.349157566900499 	 9.8
2.3490575669004987 	 9.7
2.3489575669004985 	 9.7
2.3488575669004983 	 9.7
2.348757566900498 	 9.7
2.348657566900498 	 9.6
2.3485575669004977 	 9.6
2.3484575669004975 	 9.6
2.3483575669004972 	 9.6
2.348257566900497 	 9.6
2.348157566900497 	 9.5
2.3480575669004966 	 9.5
2.3479575669004964 	 9.5
2.347857566900496 	 9.5
2.347757566900496 	 9.4
2.3476575669004958 	 9.4
2.3475575669004956 	 9.4
2.3474575669004953 	 9.4
2.347357566900495 	 9.3
2.347257566900495 	 9.3
2.3471575669004947 	 9.3
2.3470575669004945 	 9.3
2.3469575669004943 	 9.2
2.346857566900494 	 9.2
2.346757566900494 	 9.2
2.3466575669004937 	 9.2
2.3465575669004934 	 9.2
2.3464575669004932 	 9.1
2.346357566900493 	 9.1
2.346257566900493 	 9.1
2.3461575669004926 	 9.1
2.3460575669004924 	 9.0
2.345957566900492 	 9.0
2.345857566900492 	 9.0
2.3457575669004918 	 9.0
2.3456575669004915 	 8.9
2.3455575669004913 	 8.9
2.345457566900491 	 8.9
2.345357566900491 	 8.9
2.3452575669004907 	 8.9
2.3451575669004905 	 8.8
2.3450575669004903 	 8.8
2.34495756690049 	 8.8
2.34485756690049 	 8.8
2.3447575669004896 	 8.7
2.3446575669004894 	 8.7
2.344557566900489 	 8.7
2.344457566900489 	 8.7
2.344357566900489 	 8.6
2.3442575669004886 	 8.6
2.3441575669004884 	 8.6
2.344057566900488 	 8.6
2.343957566900488 	 8.6
2.3438575669004877 	 8.5
2.3437575669004875 	 8.5
2.3436575669004873 	 8.5
2.343557566900487 	 8.5
2.343457566900487 	 8.4
2.3433575669004867 	 8.4
2.3432575669004865 	 8.4
2.3431575669004863 	 8.4
2.343057566900486 	 8.4
2.342957566900486 	 8.3
2.3428575669004856 	 8.3
2.3427575669004854 	 8.3
2.342657566900485 	 8.3
2.342557566900485 	 8.2
2.342457566900485 	 8.2
2.3423575669004846 	 8.2
2.3422575669004844 	 8.2
2.342157566900484 	 8.1
2.342057566900484 	 8.1
2.3419575669004837 	 8.1
2.3418575669004835 	 8.1
2.3417575669004833 	 8.1
2.341657566900483 	 8.0
2.341557566900483 	 8.0
2.3414575669004827 	 8.0
2.3413575669004825 	 8.0
2.3412575669004823 	 7.9
2.341157566900482 	 7.9
2.341057566900482 	 7.9
2.3409575669004816 	 7.9
2.3408575669004814 	 7.9
2.340757566900481 	 7.8
2.340657566900481 	 7.8
2.340557566900481 	 7.8
2.3404575669004806 	 7.8
2.3403575669004804 	 7.7
2.34025756690048 	 7.7
2.34015756690048 	 7.7
2.3400575669004797 	 7.7
2.3399575669004795 	 7.6
2.3398575669004793 	 7.6
2.339757566900479 	 7.6
2.339657566900479 	 7.6
2.3395575669004787 	 7.6
2.3394575669004785 	 7.5
2.3393575669004782 	 7.5
2.339257566900478 	 7.5
2.339157566900478 	 7.5
2.3390575669004776 	 7.4
2.3389575669004774 	 7.4
2.338857566900477 	 7.4
2.338757566900477 	 7.4
2.3386575669004768 	 7.4
2.3385575669004766 	 7.3
2.3384575669004763 	 7.3
2.338357566900476 	 7.3
2.338257566900476 	 7.3
2.3381575669004757 	 7.2
2.3380575669004755 	 7.2
2.3379575669004753 	 7.2
2.337857566900475 	 7.2
2.337757566900475 	 7.2
2.3376575669004747 	 7.1
2.3375575669004744 	 7.1
2.3374575669004742 	 7.1
2.337357566900474 	 7.1
2.337257566900474 	 7.1
2.3371575669004736 	 7.0
2.3370575669004734 	 7.0
2.336957566900473 	 7.0
2.336857566900473 	 7.0
2.3367575669004728 	 6.9
2.3366575669004725 	 6.9
2.3365575669004723 	 6.9
2.336457566900472 	 6.9
2.336357566900472 	 6.9
2.3362575669004717 	 6.8
2.3361575669004715 	 6.8
2.3360575669004713 	 6.8
2.335957566900471 	 6.8
2.335857566900471 	 6.7
2.3357575669004706 	 6.7
2.3356575669004704 	 6.7
2.3355575669004702 	 6.7
2.33545756690047 	 6.7
2.33535756690047 	 6.6
2.3352575669004696 	 6.6
2.3351575669004694 	 6.6
2.335057566900469 	 6.6
2.334957566900469 	 6.6
2.3348575669004688 	 6.5
2.3347575669004685 	 6.5
2.3346575669004683 	 6.5
2.334557566900468 	 6.5
2.334457566900468 	 6.5
2.3343575669004677 	 6.4
2.3342575669004675 	 6.4
2.3341575669004673 	 6.4
2.334057566900467 	 6.4
2.333957566900467 	 6.3
2.3338575669004666 	 6.3
2.3337575669004664 	 6.3
2.333657566900466 	 6.3
2.333557566900466 	 6.3
2.333457566900466 	 6.2
2.3333575669004656 	 6.2
2.3332575669004654 	 6.2
2.333157566900465 	 6.2
2.333057566900465 	 6.2
2.3329575669004647 	 6.1
2.3328575669004645 	 6.1
2.3327575669004643 	 6.1
2.332657566900464 	 6.1
2.332557566900464 	 6.1
2.3324575669004637 	 6.0
2.3323575669004635 	 6.0
2.3322575669004633 	 6.0
2.332157566900463 	 6.0
2.332057566900463 	 6.0
2.3319575669004626 	 5.9
2.3318575669004624 	 5.9
2.331757566900462 	 5.9
2.331657566900462 	 5.9
2.331557566900462 	 5.9
2.3314575669004616 	 5.8
2.3313575669004614 	 5.8
2.331257566900461 	 5.8
2.331157566900461 	 5.8
2.3310575669004607 	 5.8
2.3309575669004605 	 5.7
2.3308575669004603 	 5.7
2.33075756690046 	 5.7
2.33065756690046 	 5.7
2.3305575669004597 	 5.7
2.3304575669004595 	 5.6
2.3303575669004593 	 5.6
2.330257566900459 	 5.6
2.330157566900459 	 5.6
2.3300575669004586 	 5.6
2.3299575669004584 	 5.5
2.329857566900458 	 5.5
2.329757566900458 	 5.5
2.3296575669004578 	 5.5
2.3295575669004576 	 5.5
2.3294575669004574 	 5.4
2.329357566900457 	 5.4
2.329257566900457 	 5.4
2.3291575669004567 	 5.4
2.3290575669004565 	 5.4
2.3289575669004563 	 5.3
2.328857566900456 	 5.3
2.328757566900456 	 5.3
2.3286575669004557 	 5.3
2.3285575669004555 	 5.3
2.3284575669004552 	 5.2
2.328357566900455 	 5.2
2.328257566900455 	 5.2
2.3281575669004546 	 5.2
2.3280575669004544 	 5.2
2.327957566900454 	 5.1
2.327857566900454 	 5.1
2.3277575669004538 	 5.1
2.3276575669004536 	 5.1
2.3275575669004533 	 5.1
2.327457566900453 	 5.1
2.327357566900453 	 5.0
2.3272575669004527 	 5.0
2.3271575669004525 	 5.0
2.3270575669004523 	 5.0
2.326957566900452 	 5.0
2.326857566900452 	 4.9
2.3267575669004517 	 4.9
2.3266575669004514 	 4.9
2.3265575669004512 	 4.9
2.326457566900451 	 4.9
2.326357566900451 	 4.9
2.3262575669004506 	 4.8
2.3261575669004504 	 4.8
2.32605756690045 	 4.8
2.32595756690045 	 4.8
2.3258575669004498 	 4.8
2.3257575669004495 	 4.7
2.3256575669004493 	 4.7
2.325557566900449 	 4.7
2.325457566900449 	 4.7
2.3253575669004487 	 4.7
2.3252575669004485 	 4.7
2.3251575669004483 	 4.6
2.325057566900448 	 4.6
2.324957566900448 	 4.6
2.3248575669004476 	 4.6
2.3247575669004474 	 4.6
2.3246575669004472 	 4.6
2.324557566900447 	 4.5
2.324457566900447 	 4.5
2.3243575669004466 	 4.5
2.3242575669004464 	 4.5
2.324157566900446 	 4.5
2.324057566900446 	 4.4
2.3239575669004457 	 4.4
2.3238575669004455 	 4.4
2.3237575669004453 	 4.4
2.323657566900445 	 4.4
2.323557566900445 	 4.4
2.3234575669004447 	 4.3
2.3233575669004445 	 4.3
2.3232575669004443 	 4.3
2.323157566900444 	 4.3
2.323057566900444 	 4.3
2.3229575669004436 	 4.3
2.3228575669004434 	 4.2
2.322757566900443 	 4.2
2.322657566900443 	 4.2
2.322557566900443 	 4.2
2.3224575669004426 	 4.2
2.3223575669004424 	 4.2
2.322257566900442 	 4.1
2.322157566900442 	 4.1
2.3220575669004417 	 4.1
2.3219575669004415 	 4.1
2.3218575669004413 	 4.1
2.321757566900441 	 4.1
2.321657566900441 	 4.0
2.3215575669004407 	 4.0
2.3214575669004405 	 4.0
2.3213575669004403 	 4.0
2.32125756690044 	 4.0
2.32115756690044 	 4.0
2.3210575669004396 	 4.0
2.3209575669004394 	 3.9
2.320857566900439 	 3.9
2.320757566900439 	 3.9
2.320657566900439 	 3.9
2.3205575669004386 	 3.9
2.3204575669004384 	 3.9
2.320357566900438 	 3.8
2.320257566900438 	 3.8
2.3201575669004377 	 3.8
2.3200575669004375 	 3.8
2.3199575669004373 	 3.8
2.319857566900437 	 3.8
2.319757566900437 	 3.8
2.3196575669004367 	 3.7
2.3195575669004365 	 3.7
2.3194575669004363 	 3.7
2.319357566900436 	 3.7
2.319257566900436 	 3.7
2.3191575669004356 	 3.7
2.3190575669004354 	 3.7
2.318957566900435 	 3.6
2.318857566900435 	 3.6
2.3187575669004348 	 3.6
2.3186575669004346 	 3.6
2.3185575669004344 	 3.6
2.318457566900434 	 3.6
2.318357566900434 	 3.6
2.3182575669004337 	 3.5
2.3181575669004335 	 3.5
2.3180575669004333 	 3.5
2.317957566900433 	 3.5
2.317857566900433 	 3.5
2.3177575669004327 	 3.5
2.3176575669004325 	 3.5
2.3175575669004322 	 3.4
2.317457566900432 	 3.4
2.317357566900432 	 3.4
2.3172575669004316 	 3.4
2.3171575669004314 	 3.4
2.317057566900431 	 3.4
2.316957566900431 	 3.4
2.3168575669004308 	 3.3
2.3167575669004306 	 3.3
2.3166575669004303 	 3.3
2.31655756690043 	 3.3
2.31645756690043 	 3.3
2.3163575669004297 	 3.3
2.3162575669004295 	 3.3
2.3161575669004293 	 3.3
2.316057566900429 	 3.2
2.315957566900429 	 3.2
2.3158575669004287 	 3.2
2.3157575669004284 	 3.2
2.3156575669004282 	 3.2
2.315557566900428 	 3.2
2.315457566900428 	 3.2
2.3153575669004276 	 3.1
2.3152575669004274 	 3.1
2.315157566900427 	 3.1
2.315057566900427 	 3.1
2.3149575669004268 	 3.1
2.3148575669004265 	 3.1
2.3147575669004263 	 3.1
2.314657566900426 	 3.1
2.314557566900426 	 3.1
2.3144575669004257 	 3.0
2.3143575669004255 	 3.0
2.3142575669004253 	 3.0
2.314157566900425 	 3.0
2.314057566900425 	 3.0
2.3139575669004246 	 3.0
2.3138575669004244 	 3.0
2.3137575669004242 	 3.0
2.313657566900424 	 2.9
2.313557566900424 	 2.9
2.3134575669004236 	 2.9
2.3133575669004234 	 2.9
2.313257566900423 	 2.9
2.313157566900423 	 2.9
2.3130575669004227 	 2.9
2.3129575669004225 	 2.9
2.3128575669004223 	 2.9
2.312757566900422 	 2.8
2.312657566900422 	 2.8
2.3125575669004217 	 2.8
2.3124575669004215 	 2.8
2.3123575669004213 	 2.8
2.312257566900421 	 2.8
2.312157566900421 	 2.8
2.3120575669004206 	 2.8
2.3119575669004204 	 2.8
2.31185756690042 	 2.7
2.31175756690042 	 2.7
2.31165756690042 	 2.7
2.3115575669004196 	 2.7
2.3114575669004194 	 2.7
2.311357566900419 	 2.7
2.311257566900419 	 2.7
2.3111575669004187 	 2.7
2.3110575669004185 	 2.7
2.3109575669004183 	 2.7
2.310857566900418 	 2.6
2.310757566900418 	 2.6
2.3106575669004177 	 2.6
2.3105575669004175 	 2.6
2.3104575669004173 	 2.6
2.310357566900417 	 2.6
2.310257566900417 	 2.6
2.3101575669004166 	 2.6
2.3100575669004164 	 2.6
2.309957566900416 	 2.6
2.309857566900416 	 2.6
2.309757566900416 	 2.5
2.3096575669004156 	 2.5
2.3095575669004154 	 2.5
2.309457566900415 	 2.5
2.309357566900415 	 2.5
2.3092575669004147 	 2.5
2.3091575669004145 	 2.5
2.3090575669004143 	 2.5
2.308957566900414 	 2.5
2.308857566900414 	 2.5
2.3087575669004137 	 2.5
2.3086575669004135 	 2.4
2.3085575669004132 	 2.4
2.308457566900413 	 2.4
2.308357566900413 	 2.4
2.3082575669004126 	 2.4
2.3081575669004124 	 2.4
2.308057566900412 	 2.4
2.307957566900412 	 2.4
2.3078575669004118 	 2.4
2.3077575669004116 	 2.4
2.3076575669004114 	 2.4
2.307557566900411 	 2.4
2.307457566900411 	 2.3
2.3073575669004107 	 2.3
2.3072575669004105 	 2.3
2.3071575669004103 	 2.3
2.30705756690041 	 2.3
2.30695756690041 	 2.3
2.3068575669004097 	 2.3
2.3067575669004095 	 2.3
2.3066575669004092 	 2.3
2.306557566900409 	 2.3
2.306457566900409 	 2.3
2.3063575669004086 	 2.3
2.3062575669004084 	 2.3
2.306157566900408 	 2.3
2.306057566900408 	 2.2
2.3059575669004078 	 2.2
2.3058575669004076 	 2.2
2.3057575669004073 	 2.2
2.305657566900407 	 2.2
2.305557566900407 	 2.2
2.3054575669004067 	 2.2
2.3053575669004065 	 2.2
2.3052575669004063 	 2.2
2.305157566900406 	 2.2
2.305057566900406 	 2.2
2.3049575669004057 	 2.2
2.3048575669004054 	 2.2
2.3047575669004052 	 2.2
2.304657566900405 	 2.2
2.304557566900405 	 2.2
2.3044575669004046 	 2.1
2.3043575669004044 	 2.1
2.304257566900404 	 2.1
2.304157566900404 	 2.1
2.3040575669004038 	 2.1
2.3039575669004035 	 2.1
2.3038575669004033 	 2.1
2.303757566900403 	 2.1
2.303657566900403 	 2.1
2.3035575669004027 	 2.1
2.3034575669004025 	 2.1
2.3033575669004023 	 2.1
2.303257566900402 	 2.1
2.303157566900402 	 2.1
2.3030575669004016 	 2.1
2.3029575669004014 	 2.1
2.302857566900401 	 2.1
2.302757566900401 	 2.1
2.302657566900401 	 2.1
2.3025575669004006 	 2.1
2.3024575669004004 	 2.0
2.3023575669004 	 2.0
2.3022575669004 	 2.0
2.3021575669003997 	 2.0
2.3020575669003995 	 2.0
2.3019575669003993 	 2.0
2.301857566900399 	 2.0
2.301757566900399 	 2.0
2.3016575669003987 	 2.0
2.3015575669003985 	 2.0
2.3014575669003983 	 2.0
2.301357566900398 	 2.0
2.301257566900398 	 2.0
2.3011575669003976 	 2.0
2.3010575669003974 	 2.0
2.300957566900397 	 2.0
2.300857566900397 	 2.0
2.300757566900397 	 2.0
2.3006575669003966 	 2.0
2.3005575669003964 	 2.0
2.300457566900396 	 2.0
2.300357566900396 	 2.0
2.3002575669003957 	 2.0
2.3001575669003955 	 2.0
2.3000575669003953 	 2.0
2.299957566900395 	 2.0
2.299857566900395 	 2.0
2.2997575669003947 	 2.0
2.2996575669003945 	 2.0
2.2995575669003943 	 1.9
2.299457566900394 	 1.9
2.299357566900394 	 1.9
2.2992575669003936 	 1.9
2.2991575669003934 	 1.9
2.299057566900393 	 1.9
2.298957566900393 	 1.9
2.298857566900393 	 1.9
2.2987575669003926 	 1.9
2.2986575669003924 	 1.9
2.298557566900392 	 1.9
2.298457566900392 	 1.9
2.2983575669003917 	 1.9
2.2982575669003915 	 1.9
2.2981575669003913 	 1.9
2.298057566900391 	 1.9
2.297957566900391 	 1.9
2.2978575669003907 	 1.9
2.2977575669003905 	 1.9
2.2976575669003902 	 1.9
2.29755756690039 	 1.9
2.29745756690039 	 1.9
2.2973575669003896 	 1.9
2.2972575669003894 	 1.9
2.297157566900389 	 1.9
2.297057566900389 	 1.9
2.2969575669003888 	 1.9
2.2968575669003886 	 1.9
2.2967575669003883 	 1.9
2.296657566900388 	 1.9
2.296557566900388 	 1.9
2.2964575669003877 	 1.9
2.2963575669003875 	 1.9
2.2962575669003873 	 1.9
2.296157566900387 	 1.9
2.296057566900387 	 1.9
2.2959575669003867 	 1.9
2.2958575669003864 	 1.9
2.2957575669003862 	 1.9
2.295657566900386 	 1.9
2.295557566900386 	 1.9
2.2954575669003856 	 1.9
2.2953575669003854 	 1.9
2.295257566900385 	 1.9
2.295157566900385 	 1.9
2.2950575669003848 	 1.9
2.2949575669003845 	 1.9
2.2948575669003843 	 1.9
2.294757566900384 	 1.9
2.294657566900384 	 1.9
2.2945575669003837 	 1.9
2.2944575669003835 	 1.9
2.2943575669003833 	 1.9
2.294257566900383 	 1.9
2.294157566900383 	 1.9
2.2940575669003826 	 1.9
2.2939575669003824 	 1.9
2.2938575669003822 	 1.9
2.293757566900382 	 1.9
2.293657566900382 	 1.9
2.2935575669003816 	 1.9
2.2934575669003814 	 1.9
2.293357566900381 	 1.9
2.293257566900381 	 1.9
2.2931575669003808 	 1.9
2.2930575669003805 	 1.9
2.2929575669003803 	 1.9
2.29285756690038 	 1.9
2.29275756690038 	 1.9
2.2926575669003797 	 1.9
2.2925575669003795 	 1.9
2.2924575669003793 	 2.0
2.292357566900379 	 2.0
2.292257566900379 	 2.0
2.2921575669003786 	 2.0
2.2920575669003784 	 2.0
2.291957566900378 	 2.0
2.291857566900378 	 2.0
2.291757566900378 	 2.0
2.2916575669003776 	 2.0
2.2915575669003774 	 2.0
2.291457566900377 	 2.0
2.291357566900377 	 2.0
2.2912575669003767 	 2.0
2.2911575669003765 	 2.0
2.2910575669003763 	 2.0
2.290957566900376 	 2.0
2.290857566900376 	 2.0
2.2907575669003757 	 2.0
2.2906575669003755 	 2.0
2.2905575669003753 	 2.0
2.290457566900375 	 2.0
2.290357566900375 	 2.0
2.2902575669003746 	 2.0
2.2901575669003744 	 2.0
2.290057566900374 	 2.0
2.289957566900374 	 2.0
2.289857566900374 	 2.0
2.2897575669003736 	 2.0
2.2896575669003734 	 2.0
2.289557566900373 	 2.0
2.289457566900373 	 2.1
2.2893575669003727 	 2.1
2.2892575669003725 	 2.1
2.2891575669003723 	 2.1
2.289057566900372 	 2.1
2.288957566900372 	 2.1
2.2888575669003717 	 2.1
2.2887575669003715 	 2.1
2.2886575669003713 	 2.1
2.288557566900371 	 2.1
2.288457566900371 	 2.1
2.2883575669003706 	 2.1
2.2882575669003704 	 2.1
2.28815756690037 	 2.1
2.28805756690037 	 2.1
2.2879575669003698 	 2.1
2.2878575669003696 	 2.1
2.2877575669003694 	 2.1
2.287657566900369 	 2.1
2.287557566900369 	 2.1
2.2874575669003687 	 2.2
2.2873575669003685 	 2.2
2.2872575669003683 	 2.2
2.287157566900368 	 2.2
2.287057566900368 	 2.2
2.2869575669003677 	 2.2
2.2868575669003675 	 2.2
2.2867575669003672 	 2.2
2.286657566900367 	 2.2
2.286557566900367 	 2.2
2.2864575669003666 	 2.2
2.2863575669003664 	 2.2
2.286257566900366 	 2.2
2.286157566900366 	 2.2
2.2860575669003658 	 2.2
2.2859575669003656 	 2.2
2.2858575669003653 	 2.3
2.285757566900365 	 2.3
2.285657566900365 	 2.3
2.2855575669003647 	 2.3
2.2854575669003645 	 2.3
2.2853575669003643 	 2.3
2.285257566900364 	 2.3
2.285157566900364 	 2.3
2.2850575669003637 	 2.3
2.2849575669003634 	 2.3
2.2848575669003632 	 2.3
2.284757566900363 	 2.3
2.284657566900363 	 2.3
2.2845575669003626 	 2.3
2.2844575669003624 	 2.4
2.284357566900362 	 2.4
2.284257566900362 	 2.4
2.2841575669003618 	 2.4
2.2840575669003615 	 2.4
2.2839575669003613 	 2.4
2.283857566900361 	 2.4
2.283757566900361 	 2.4
2.2836575669003607 	 2.4
2.2835575669003605 	 2.4
2.2834575669003603 	 2.4
2.28335756690036 	 2.4
2.28325756690036 	 2.4
2.2831575669003596 	 2.5
2.2830575669003594 	 2.5
2.2829575669003592 	 2.5
2.282857566900359 	 2.5
2.282757566900359 	 2.5
2.2826575669003586 	 2.5
2.2825575669003584 	 2.5
2.282457566900358 	 2.5
2.282357566900358 	 2.5
2.2822575669003577 	 2.5
2.2821575669003575 	 2.5
2.2820575669003573 	 2.6
2.281957566900357 	 2.6
2.281857566900357 	 2.6
2.2817575669003567 	 2.6
2.2816575669003565 	 2.6
2.2815575669003563 	 2.6
2.281457566900356 	 2.6
2.281357566900356 	 2.6
2.2812575669003556 	 2.6
2.2811575669003554 	 2.6
2.281057566900355 	 2.6
2.280957566900355 	 2.7
2.280857566900355 	 2.7
2.2807575669003546 	 2.7
2.2806575669003544 	 2.7
2.280557566900354 	 2.7
2.280457566900354 	 2.7
2.2803575669003537 	 2.7
2.2802575669003535 	 2.7
2.2801575669003533 	 2.7
2.280057566900353 	 2.7
2.279957566900353 	 2.8
2.2798575669003527 	 2.8
2.2797575669003525 	 2.8
2.2796575669003523 	 2.8
2.279557566900352 	 2.8
2.279457566900352 	 2.8
2.2793575669003516 	 2.8
2.2792575669003514 	 2.8
2.279157566900351 	 2.8
2.279057566900351 	 2.8
2.278957566900351 	 2.9
2.2788575669003506 	 2.9
2.2787575669003504 	 2.9
2.27865756690035 	 2.9
2.27855756690035 	 2.9
2.2784575669003497 	 2.9
2.2783575669003495 	 2.9
2.2782575669003493 	 2.9
2.278157566900349 	 2.9
2.278057566900349 	 3.0
2.2779575669003487 	 3.0
2.2778575669003485 	 3.0
2.2777575669003483 	 3.0
2.277657566900348 	 3.0
2.277557566900348 	 3.0
2.2774575669003476 	 3.0
2.2773575669003474 	 3.0
2.277257566900347 	 3.0
2.277157566900347 	 3.1
2.2770575669003468 	 3.1
2.2769575669003466 	 3.1
2.2768575669003464 	 3.1
2.276757566900346 	 3.1
2.276657566900346 	 3.1
2.2765575669003457 	 3.1
2.2764575669003455 	 3.1
2.2763575669003453 	 3.2
2.276257566900345 	 3.2
2.276157566900345 	 3.2
2.2760575669003447 	 3.2
2.2759575669003445 	 3.2
2.2758575669003442 	 3.2
2.275757566900344 	 3.2
2.275657566900344 	 3.2
2.2755575669003436 	 3.3
2.2754575669003434 	 3.3
2.275357566900343 	 3.3
2.275257566900343 	 3.3
2.2751575669003428 	 3.3
2.2750575669003426 	 3.3
2.2749575669003423 	 3.3
2.274857566900342 	 3.3
2.274757566900342 	 3.4
2.2746575669003417 	 3.4
2.2745575669003415 	 3.4
2.2744575669003413 	 3.4
2.274357566900341 	 3.4
2.274257566900341 	 3.4
2.2741575669003407 	 3.4
2.2740575669003404 	 3.5
2.2739575669003402 	 3.5
2.27385756690034 	 3.5
2.27375756690034 	 3.5
2.2736575669003396 	 3.5
2.2735575669003394 	 3.5
2.273457566900339 	 3.5
2.273357566900339 	 3.5
2.2732575669003388 	 3.6
2.2731575669003385 	 3.6
2.2730575669003383 	 3.6
2.272957566900338 	 3.6
2.272857566900338 	 3.6
2.2727575669003377 	 3.6
2.2726575669003375 	 3.6
2.2725575669003373 	 3.7
2.272457566900337 	 3.7
2.272357566900337 	 3.7
2.2722575669003366 	 3.7
2.2721575669003364 	 3.7
2.2720575669003362 	 3.7
2.271957566900336 	 3.7
2.271857566900336 	 3.8
2.2717575669003356 	 3.8
2.2716575669003354 	 3.8
2.271557566900335 	 3.8
2.271457566900335 	 3.8
2.2713575669003347 	 3.8
2.2712575669003345 	 3.8
2.2711575669003343 	 3.9
2.271057566900334 	 3.9
2.270957566900334 	 3.9
2.2708575669003337 	 3.9
2.2707575669003335 	 3.9
2.2706575669003333 	 3.9
2.270557566900333 	 3.9
2.270457566900333 	 4.0
2.2703575669003326 	 4.0
2.2702575669003324 	 4.0
2.270157566900332 	 4.0
2.270057566900332 	 4.0
2.269957566900332 	 4.0
2.2698575669003316 	 4.1
2.2697575669003314 	 4.1
2.269657566900331 	 4.1
2.269557566900331 	 4.1
2.2694575669003307 	 4.1
2.2693575669003305 	 4.1
2.2692575669003303 	 4.1
2.26915756690033 	 4.2
2.26905756690033 	 4.2
2.2689575669003297 	 4.2
2.2688575669003295 	 4.2
2.2687575669003293 	 4.2
2.268657566900329 	 4.2
2.268557566900329 	 4.3
2.2684575669003286 	 4.3
2.2683575669003284 	 4.3
2.268257566900328 	 4.3
2.268157566900328 	 4.3
2.268057566900328 	 4.3
2.2679575669003276 	 4.4
2.2678575669003274 	 4.4
2.267757566900327 	 4.4
2.267657566900327 	 4.4
2.2675575669003267 	 4.4
2.2674575669003265 	 4.4
2.2673575669003263 	 4.4
2.267257566900326 	 4.5
2.267157566900326 	 4.5
2.2670575669003257 	 4.5
2.2669575669003255 	 4.5
2.2668575669003252 	 4.5
2.266757566900325 	 4.5
2.266657566900325 	 4.6
2.2665575669003246 	 4.6
2.2664575669003244 	 4.6
2.266357566900324 	 4.6
2.266257566900324 	 4.6
2.2661575669003238 	 4.6
2.2660575669003236 	 4.7
2.2659575669003234 	 4.7
2.265857566900323 	 4.7
2.265757566900323 	 4.7
2.2656575669003227 	 4.7
2.2655575669003225 	 4.7
2.2654575669003223 	 4.8
2.265357566900322 	 4.8
2.265257566900322 	 4.8
2.2651575669003217 	 4.8
2.2650575669003215 	 4.8
2.2649575669003212 	 4.9
2.264857566900321 	 4.9
2.264757566900321 	 4.9
2.2646575669003206 	 4.9
2.2645575669003204 	 4.9
2.26445756690032 	 4.9
2.26435756690032 	 5.0
2.2642575669003198 	 5.0
2.2641575669003196 	 5.0
2.2640575669003193 	 5.0
2.263957566900319 	 5.0
2.263857566900319 	 5.0
2.2637575669003187 	 5.1
2.2636575669003185 	 5.1
2.2635575669003183 	 5.1
2.263457566900318 	 5.1
2.263357566900318 	 5.1
2.2632575669003177 	 5.1
2.2631575669003174 	 5.2
2.2630575669003172 	 5.2
2.262957566900317 	 5.2
2.262857566900317 	 5.2
2.2627575669003166 	 5.2
2.2626575669003164 	 5.3
2.262557566900316 	 5.3
2.262457566900316 	 5.3
2.2623575669003158 	 5.3
2.2622575669003155 	 5.3
2.2621575669003153 	 5.3
2.262057566900315 	 5.4
2.261957566900315 	 5.4
2.2618575669003147 	 5.4
2.2617575669003145 	 5.4
2.2616575669003143 	 5.4
2.261557566900314 	 5.5
2.261457566900314 	 5.5
2.2613575669003136 	 5.5
2.2612575669003134 	 5.5
2.261157566900313 	 5.5
2.261057566900313 	 5.5
2.260957566900313 	 5.6
2.2608575669003126 	 5.6
2.2607575669003124 	 5.6
2.260657566900312 	 5.6
2.260557566900312 	 5.6
2.2604575669003117 	 5.7
2.2603575669003115 	 5.7
2.2602575669003113 	 5.7
2.260157566900311 	 5.7
2.260057566900311 	 5.7
2.2599575669003107 	 5.7
2.2598575669003105 	 5.8
2.2597575669003103 	 5.8
2.25965756690031 	 5.8
2.25955756690031 	 5.8
2.2594575669003096 	 5.8
2.2593575669003094 	 5.9
2.259257566900309 	 5.9
2.259157566900309 	 5.9
2.259057566900309 	 5.9
2.2589575669003086 	 5.9
2.2588575669003084 	 6.0
2.258757566900308 	 6.0
2.258657566900308 	 6.0
2.2585575669003077 	 6.0
2.2584575669003075 	 6.0
2.2583575669003073 	 6.1
2.258257566900307 	 6.1
2.258157566900307 	 6.1
2.2580575669003067 	 6.1
2.2579575669003065 	 6.1
2.2578575669003063 	 6.1
2.257757566900306 	 6.2
2.257657566900306 	 6.2
2.2575575669003056 	 6.2
2.2574575669003054 	 6.2
2.257357566900305 	 6.2
2.257257566900305 	 6.3
2.257157566900305 	 6.3
2.2570575669003046 	 6.3
2.2569575669003044 	 6.3
2.256857566900304 	 6.3
2.256757566900304 	 6.4
2.2566575669003037 	 6.4
2.2565575669003035 	 6.4
2.2564575669003033 	 6.4
2.256357566900303 	 6.4
2.256257566900303 	 6.5
2.2561575669003027 	 6.5
2.2560575669003025 	 6.5
2.2559575669003022 	 6.5
2.255857566900302 	 6.5
2.255757566900302 	 6.6
2.2556575669003016 	 6.6
2.2555575669003014 	 6.6
2.255457566900301 	 6.6
2.255357566900301 	 6.6
2.2552575669003008 	 6.6
2.2551575669003006 	 6.7
2.2550575669003003 	 6.7
2.2549575669003 	 6.7
2.2548575669003 	 6.7
2.2547575669002997 	 6.7
2.2546575669002995 	 6.8
2.2545575669002993 	 6.8
2.254457566900299 	 6.8
2.254357566900299 	 6.8
2.2542575669002987 	 6.8
2.2541575669002984 	 6.9
2.2540575669002982 	 6.9
2.253957566900298 	 6.9
2.253857566900298 	 6.9
2.2537575669002976 	 6.9
2.2536575669002974 	 7.0
2.253557566900297 	 7.0
2.253457566900297 	 7.0
2.2533575669002968 	 7.0
2.2532575669002965 	 7.0
2.2531575669002963 	 7.1
2.253057566900296 	 7.1
2.252957566900296 	 7.1
2.2528575669002957 	 7.1
2.2527575669002955 	 7.1
2.2526575669002953 	 7.2
2.252557566900295 	 7.2
2.252457566900295 	 7.2
2.2523575669002946 	 7.2
2.2522575669002944 	 7.2
2.2521575669002942 	 7.3
2.252057566900294 	 7.3
2.251957566900294 	 7.3
2.2518575669002936 	 7.3
2.2517575669002934 	 7.3
2.251657566900293 	 7.4
2.251557566900293 	 7.4
2.2514575669002928 	 7.4
2.2513575669002925 	 7.4
2.2512575669002923 	 7.4
2.251157566900292 	 7.5
2.251057566900292 	 7.5
2.2509575669002917 	 7.5
2.2508575669002915 	 7.5
2.2507575669002913 	 7.5
2.250657566900291 	 7.6
2.250557566900291 	 7.6
2.2504575669002906 	 7.6
2.2503575669002904 	 7.6
2.25025756690029 	 7.6
2.25015756690029 	 7.7
2.25005756690029 	 7.7
2.2499575669002896 	 7.7
2.2498575669002894 	 7.7
2.249757566900289 	 7.7
2.249657566900289 	 7.8
2.2495575669002887 	 7.8
2.2494575669002885 	 7.8
2.2493575669002883 	 7.8
2.249257566900288 	 7.8
2.249157566900288 	 7.9
2.2490575669002877 	 7.9
2.2489575669002875 	 7.9
2.2488575669002873 	 7.9
2.248757566900287 	 7.9
2.248657566900287 	 8.0
2.2485575669002866 	 8.0
2.2484575669002864 	 8.0
2.248357566900286 	 8.0
2.248257566900286 	 8.0
2.248157566900286 	 8.1
2.2480575669002856 	 8.1
2.2479575669002854 	 8.1
2.247857566900285 	 8.1
2.247757566900285 	 8.1
2.2476575669002847 	 8.2
2.2475575669002845 	 8.2
2.2474575669002843 	 8.2
2.247357566900284 	 8.2
2.247257566900284 	 8.2
2.2471575669002837 	 8.3
2.2470575669002835 	 8.3
2.2469575669002833 	 8.3
2.246857566900283 	 8.3
2.246757566900283 	 8.3
2.2466575669002826 	 8.4
2.2465575669002824 	 8.4
2.246457566900282 	 8.4
2.246357566900282 	 8.4
2.2462575669002818 	 8.4
2.2461575669002816 	 8.5
2.2460575669002814 	 8.5
2.245957566900281 	 8.5
2.245857566900281 	 8.5
2.2457575669002807 	 8.5
2.2456575669002805 	 8.6
2.2455575669002803 	 8.6
2.24545756690028 	 8.6
2.24535756690028 	 8.6
2.2452575669002797 	 8.6
2.2451575669002795 	 8.7
2.2450575669002792 	 8.7
2.244957566900279 	 8.7
2.244857566900279 	 8.7
2.2447575669002786 	 8.7
2.2446575669002784 	 8.8
2.244557566900278 	 8.8
2.244457566900278 	 8.8
2.2443575669002778 	 8.8
2.2442575669002776 	 8.8
2.2441575669002773 	 8.9
2.244057566900277 	 8.9
2.243957566900277 	 8.9
2.2438575669002767 	 8.9
2.2437575669002765 	 8.9
2.2436575669002763 	 9.0
2.243557566900276 	 9.0
2.243457566900276 	 9.0
2.2433575669002757 	 9.0
2.2432575669002754 	 9.0
2.2431575669002752 	 9.1
2.243057566900275 	 9.1
2.242957566900275 	 9.1
2.2428575669002746 	 9.1
2.2427575669002744 	 9.1
2.242657566900274 	 9.2
2.242557566900274 	 9.2
2.2424575669002738 	 9.2
2.2423575669002735 	 9.2
2.2422575669002733 	 9.2
2.242157566900273 	 9.3
2.242057566900273 	 9.3
2.2419575669002727 	 9.3
2.2418575669002725 	 9.3
2.2417575669002723 	 9.3
2.241657566900272 	 9.4
2.241557566900272 	 9.4
2.2414575669002716 	 9.4
2.2413575669002714 	 9.4
2.2412575669002712 	 9.4
2.241157566900271 	 9.5
2.241057566900271 	 9.5
2.2409575669002706 	 9.5
2.2408575669002704 	 9.5
2.24075756690027 	 9.5
2.24065756690027 	 9.6
2.2405575669002697 	 9.6
2.2404575669002695 	 9.6
2.2403575669002693 	 9.6
2.240257566900269 	 9.6
2.240157566900269 	 9.6
2.2400575669002687 	 9.7
2.2399575669002685 	 9.7
2.2398575669002683 	 9.7
2.239757566900268 	 9.7
2.239657566900268 	 9.7
2.2395575669002676 	 9.8
2.2394575669002674 	 9.8
2.239357566900267 	 9.8
2.239257566900267 	 9.8
2.239157566900267 	 9.8
2.2390575669002666 	 9.9
2.2389575669002664 	 9.9
2.238857566900266 	 9.9
2.238757566900266 	 9.9
2.2386575669002657 	 9.9
2.2385575669002655 	 10.0
2.2384575669002653 	 10.0
2.238357566900265 	 10.0
2.238257566900265 	 10.0
2.2381575669002647 	 10.0
2.2380575669002645 	 10.1
2.2379575669002643 	 10.1
2.237857566900264 	 10.1
2.237757566900264 	 10.1
2.2376575669002636 	 10.1
2.2375575669002634 	 10.1
2.237457566900263 	 10.2
2.237357566900263 	 10.2
2.237257566900263 	 10.2
2.2371575669002626 	 10.2
2.2370575669002624 	 10.2
2.236957566900262 	 10.3
2.236857566900262 	 10.3
2.2367575669002617 	 10.3
2.2366575669002615 	 10.3
2.2365575669002613 	 10.3
2.236457566900261 	 10.4
2.236357566900261 	 10.4
2.2362575669002607 	 10.4
2.2361575669002605 	 10.4
2.2360575669002603 	 10.4
2.23595756690026 	 10.4
2.23585756690026 	 10.5
2.2357575669002596 	 10.5
2.2356575669002594 	 10.5
2.235557566900259 	 10.5
2.235457566900259 	 10.5
2.2353575669002588 	 10.6
2.2352575669002586 	 10.6
2.2351575669002584 	 10.6
2.235057566900258 	 10.6
2.234957566900258 	 10.6
2.2348575669002577 	 10.6
2.2347575669002575 	 10.7
2.2346575669002573 	 10.7
2.234557566900257 	 10.7
2.234457566900257 	 10.7
2.2343575669002567 	 10.7
2.2342575669002565 	 10.8
2.2341575669002562 	 10.8
2.234057566900256 	 10.8
2.233957566900256 	 10.8
2.2338575669002556 	 10.8
2.2337575669002554 	 10.8
2.233657566900255 	 10.9
2.233557566900255 	 10.9
2.2334575669002548 	 10.9
2.2333575669002546 	 10.9
2.2332575669002543 	 10.9
2.233157566900254 	 10.9
2.233057566900254 	 11.0
2.2329575669002537 	 11.0
2.2328575669002535 	 11.0
2.2327575669002533 	 11.0
2.232657566900253 	 11.0
2.232557566900253 	 11.1
2.2324575669002527 	 11.1
2.2323575669002524 	 11.1
2.2322575669002522 	 11.1
2.232157566900252 	 11.1
2.232057566900252 	 11.1
2.2319575669002516 	 11.2
2.2318575669002514 	 11.2
2.231757566900251 	 11.2
2.231657566900251 	 11.2
2.2315575669002508 	 11.2
2.2314575669002505 	 11.2
2.2313575669002503 	 11.3
2.23125756690025 	 11.3
2.23115756690025 	 11.3
2.2310575669002497 	 11.3
2.2309575669002495 	 11.3
2.2308575669002493 	 11.3
2.230757566900249 	 11.4
2.230657566900249 	 11.4
2.2305575669002486 	 11.4
2.2304575669002484 	 11.4
2.2303575669002482 	 11.4
2.230257566900248 	 11.4
2.230157566900248 	 11.5
2.2300575669002476 	 11.5
2.2299575669002474 	 11.5
2.229857566900247 	 11.5
2.229757566900247 	 11.5
2.2296575669002467 	 11.5
2.2295575669002465 	 11.6
2.2294575669002463 	 11.6
2.229357566900246 	 11.6
2.229257566900246 	 11.6
2.2291575669002457 	 11.6
2.2290575669002455 	 11.6
2.2289575669002453 	 11.7
2.228857566900245 	 11.7
2.228757566900245 	 11.7
2.2286575669002446 	 11.7
2.2285575669002444 	 11.7
2.228457566900244 	 11.7
2.228357566900244 	 11.8
2.228257566900244 	 11.8
2.2281575669002436 	 11.8
2.2280575669002434 	 11.8
2.227957566900243 	 11.8
2.227857566900243 	 11.8
2.2277575669002427 	 11.8
2.2276575669002425 	 11.9
2.2275575669002423 	 11.9
2.227457566900242 	 11.9
2.227357566900242 	 11.9
2.2272575669002417 	 11.9
2.2271575669002415 	 11.9
2.2270575669002413 	 12.0
2.226957566900241 	 12.0
2.226857566900241 	 12.0
2.2267575669002406 	 12.0
2.2266575669002404 	 12.0
2.22655756690024 	 12.0
2.22645756690024 	 12.0
2.22635756690024 	 12.1
2.2262575669002396 	 12.1
2.2261575669002394 	 12.1
2.226057566900239 	 12.1
2.225957566900239 	 12.1
2.2258575669002387 	 12.1
2.2257575669002385 	 12.1
2.2256575669002383 	 12.2
2.225557566900238 	 12.2
2.225457566900238 	 12.2
2.2253575669002377 	 12.2
2.2252575669002375 	 12.2
2.2251575669002372 	 12.2
2.225057566900237 	 12.3
2.224957566900237 	 12.3
2.2248575669002366 	 12.3
2.2247575669002364 	 12.3
2.224657566900236 	 12.3
2.224557566900236 	 12.3
2.2244575669002358 	 12.3
2.2243575669002356 	 12.4
2.2242575669002354 	 12.4
2.224157566900235 	 12.4
2.224057566900235 	 12.4
2.2239575669002347 	 12.4
2.2238575669002345 	 12.4
2.2237575669002343 	 12.4
2.223657566900234 	 12.4
2.223557566900234 	 12.5
2.2234575669002337 	 12.5
2.2233575669002335 	 12.5
2.2232575669002332 	 12.5
2.223157566900233 	 12.5
2.223057566900233 	 12.5
2.2229575669002326 	 12.5
2.2228575669002324 	 12.6
2.222757566900232 	 12.6
2.222657566900232 	 12.6
2.2225575669002318 	 12.6
2.2224575669002316 	 12.6
2.2223575669002313 	 12.6
2.222257566900231 	 12.6
2.222157566900231 	 12.6
2.2220575669002307 	 12.7
2.2219575669002305 	 12.7
2.2218575669002303 	 12.7
2.22175756690023 	 12.7
2.22165756690023 	 12.7
2.2215575669002297 	 12.7
2.2214575669002294 	 12.7
2.2213575669002292 	 12.8
2.221257566900229 	 12.8
2.221157566900229 	 12.8
2.2210575669002286 	 12.8
2.2209575669002284 	 12.8
2.220857566900228 	 12.8
2.220757566900228 	 12.8
2.2206575669002278 	 12.8
2.2205575669002275 	 12.8
2.2204575669002273 	 12.9
2.220357566900227 	 12.9
2.220257566900227 	 12.9
2.2201575669002267 	 12.9
2.2200575669002265 	 12.9
2.2199575669002263 	 12.9
2.219857566900226 	 12.9
2.219757566900226 	 12.9
2.2196575669002256 	 13.0
2.2195575669002254 	 13.0
2.219457566900225 	 13.0
2.219357566900225 	 13.0
2.219257566900225 	 13.0
2.2191575669002246 	 13.0
2.2190575669002244 	 13.0
2.218957566900224 	 13.0
2.218857566900224 	 13.0
2.2187575669002237 	 13.1
2.2186575669002235 	 13.1
2.2185575669002233 	 13.1
2.218457566900223 	 13.1
2.218357566900223 	 13.1
2.2182575669002227 	 13.1
2.2181575669002225 	 13.1
2.2180575669002223 	 13.1
2.217957566900222 	 13.1
2.217857566900222 	 13.2
2.2177575669002216 	 13.2
2.2176575669002214 	 13.2
2.217557566900221 	 13.2
2.217457566900221 	 13.2
2.217357566900221 	 13.2
2.2172575669002206 	 13.2
2.2171575669002204 	 13.2
2.21705756690022 	 13.2
2.21695756690022 	 13.3
2.2168575669002197 	 13.3
2.2167575669002195 	 13.3
2.2166575669002193 	 13.3
2.216557566900219 	 13.3
2.216457566900219 	 13.3
2.2163575669002187 	 13.3
2.2162575669002185 	 13.3
2.2161575669002183 	 13.3
2.216057566900218 	 13.3
2.215957566900218 	 13.3
2.2158575669002176 	 13.4
2.2157575669002174 	 13.4
2.215657566900217 	 13.4
2.215557566900217 	 13.4
2.215457566900217 	 13.4
2.2153575669002166 	 13.4
2.2152575669002164 	 13.4
2.215157566900216 	 13.4
2.215057566900216 	 13.4
2.2149575669002157 	 13.4
2.2148575669002155 	 13.5
2.2147575669002153 	 13.5
2.214657566900215 	 13.5
2.214557566900215 	 13.5
2.2144575669002147 	 13.5
2.2143575669002145 	 13.5
2.2142575669002142 	 13.5
2.214157566900214 	 13.5
2.214057566900214 	 13.5
2.2139575669002136 	 13.5
2.2138575669002134 	 13.5
2.213757566900213 	 13.5
2.213657566900213 	 13.6
2.2135575669002128 	 13.6
2.2134575669002126 	 13.6
2.2133575669002123 	 13.6
2.213257566900212 	 13.6
2.213157566900212 	 13.6
2.2130575669002117 	 13.6
2.2129575669002115 	 13.6
2.2128575669002113 	 13.6
2.212757566900211 	 13.6
2.212657566900211 	 13.6
2.2125575669002107 	 13.6
2.2124575669002104 	 13.6
2.2123575669002102 	 13.7
2.21225756690021 	 13.7
2.21215756690021 	 13.7
2.2120575669002096 	 13.7
2.2119575669002094 	 13.7
2.211857566900209 	 13.7
2.211757566900209 	 13.7
2.2116575669002088 	 13.7
2.2115575669002085 	 13.7
2.2114575669002083 	 13.7
2.211357566900208 	 13.7
2.211257566900208 	 13.7
2.2111575669002077 	 13.7
2.2110575669002075 	 13.7
2.2109575669002073 	 13.7
2.210857566900207 	 13.8
2.210757566900207 	 13.8
2.2106575669002066 	 13.8
2.2105575669002064 	 13.8
2.2104575669002062 	 13.8
2.210357566900206 	 13.8
2.210257566900206 	 13.8
2.2101575669002056 	 13.8
2.2100575669002054 	 13.8
2.209957566900205 	 13.8
2.209857566900205 	 13.8
2.2097575669002048 	 13.8
2.2096575669002045 	 13.8
2.2095575669002043 	 13.8
2.209457566900204 	 13.8
2.209357566900204 	 13.8
2.2092575669002037 	 13.9
2.2091575669002035 	 13.9
2.2090575669002033 	 13.9
2.208957566900203 	 13.9
2.208857566900203 	 13.9
2.2087575669002026 	 13.9
2.2086575669002024 	 13.9
2.208557566900202 	 13.9
2.208457566900202 	 13.9
2.208357566900202 	 13.9
2.2082575669002016 	 13.9
2.2081575669002014 	 13.9
2.208057566900201 	 13.9
2.207957566900201 	 13.9
2.2078575669002007 	 13.9
2.2077575669002005 	 13.9
2.2076575669002003 	 13.9
2.2075575669002 	 13.9
2.2074575669002 	 13.9
2.2073575669001997 	 13.9
2.2072575669001995 	 13.9
2.2071575669001993 	 13.9
2.207057566900199 	 14.0
2.206957566900199 	 14.0
2.2068575669001986 	 14.0
2.2067575669001984 	 14.0
2.206657566900198 	 14.0
2.206557566900198 	 14.0
2.206457566900198 	 14.0
2.2063575669001976 	 14.0
2.2062575669001974 	 14.0
2.206157566900197 	 14.0
2.206057566900197 	 14.0
2.2059575669001967 	 14.0
2.2058575669001965 	 14.0
2.2057575669001963 	 14.0
2.205657566900196 	 14.0
2.205557566900196 	 14.0
2.2054575669001957 	 14.0
2.2053575669001955 	 14.0
2.2052575669001953 	 14.0
2.205157566900195 	 14.0
2.205057566900195 	 14.0
2.2049575669001946 	 14.0
2.2048575669001944 	 14.0
2.204757566900194 	 14.0
2.204657566900194 	 14.0
2.2045575669001938 	 14.0
2.2044575669001936 	 14.0
2.2043575669001934 	 14.0
2.204257566900193 	 14.0
2.204157566900193 	 14.0
2.2040575669001927 	 14.0
2.2039575669001925 	 14.0
2.2038575669001923 	 14.0
2.203757566900192 	 14.0
2.203657566900192 	 14.0
2.2035575669001917 	 14.0
2.2034575669001915 	 14.0
2.2033575669001912 	 14.0
2.203257566900191 	 14.0
2.203157566900191 	 14.1
2.2030575669001906 	 14.1
2.2029575669001904 	 14.1
2.20285756690019 	 14.1
2.20275756690019 	 14.1
2.2026575669001898 	 14.1
2.2025575669001896 	 14.1
2.2024575669001893 	 14.1
2.202357566900189 	 14.1
2.202257566900189 	 14.1
2.2021575669001887 	 14.1
2.2020575669001885 	 14.1
2.2019575669001883 	 14.1
2.201857566900188 	 14.1
2.201757566900188 	 14.1
2.2016575669001877 	 14.1
2.2015575669001874 	 14.1
2.2014575669001872 	 14.1
2.201357566900187 	 14.1
2.201257566900187 	 14.1
2.2011575669001866 	 14.1
2.2010575669001864 	 14.1
2.200957566900186 	 14.1
2.200857566900186 	 14.1
2.2007575669001858 	 14.1
2.2006575669001855 	 14.1
2.2005575669001853 	 14.1
2.200457566900185 	 14.1
2.200357566900185 	 14.1
2.2002575669001847 	 14.1
2.2001575669001845 	 14.1
2.2000575669001843 	 14.1
2.199957566900184 	 14.1
2.199857566900184 	 14.1
2.1997575669001836 	 14.1
2.1996575669001834 	 14.0
2.1995575669001832 	 14.0
2.199457566900183 	 14.0
2.199357566900183 	 14.0
2.1992575669001826 	 14.0
2.1991575669001824 	 14.0
2.199057566900182 	 14.0
2.198957566900182 	 14.0
2.1988575669001817 	 14.0
2.1987575669001815 	 14.0
2.1986575669001813 	 14.0
2.198557566900181 	 14.0
2.198457566900181 	 14.0
2.1983575669001807 	 14.0
2.1982575669001805 	 14.0
2.1981575669001803 	 14.0
2.19805756690018 	 14.0
2.19795756690018 	 14.0
2.1978575669001796 	 14.0
2.1977575669001794 	 14.0
2.197657566900179 	 14.0
2.197557566900179 	 14.0
2.197457566900179 	 14.0
2.1973575669001786 	 14.0
2.1972575669001784 	 14.0
2.197157566900178 	 14.0
2.197057566900178 	 14.0
2.1969575669001777 	 14.0
2.1968575669001775 	 14.0
2.1967575669001773 	 14.0
2.196657566900177 	 14.0
2.196557566900177 	 14.0
2.1964575669001767 	 14.0
2.1963575669001765 	 14.0
2.1962575669001763 	 14.0
2.196157566900176 	 14.0
2.196057566900176 	 14.0
2.1959575669001756 	 14.0
2.1958575669001754 	 14.0
2.195757566900175 	 13.9
2.195657566900175 	 13.9
2.195557566900175 	 13.9
2.1954575669001746 	 13.9
2.1953575669001744 	 13.9
2.195257566900174 	 13.9
2.195157566900174 	 13.9
2.1950575669001737 	 13.9
2.1949575669001735 	 13.9
2.1948575669001733 	 13.9
2.194757566900173 	 13.9
2.194657566900173 	 13.9
2.1945575669001727 	 13.9
2.1944575669001725 	 13.9
2.1943575669001723 	 13.9
2.194257566900172 	 13.9
2.194157566900172 	 13.9
2.1940575669001716 	 13.9
2.1939575669001714 	 13.9
2.193857566900171 	 13.9
2.193757566900171 	 13.9
2.1936575669001708 	 13.8
2.1935575669001706 	 13.8
2.1934575669001704 	 13.8
2.19335756690017 	 13.8
2.19325756690017 	 13.8
2.1931575669001697 	 13.8
2.1930575669001695 	 13.8
2.1929575669001693 	 13.8
2.192857566900169 	 13.8
2.192757566900169 	 13.8
2.1926575669001687 	 13.8
2.1925575669001685 	 13.8
2.1924575669001682 	 13.8
2.192357566900168 	 13.8
2.192257566900168 	 13.8
2.1921575669001676 	 13.8
2.1920575669001674 	 13.8
2.191957566900167 	 13.7
2.191857566900167 	 13.7
2.1917575669001668 	 13.7
2.1916575669001666 	 13.7
2.1915575669001663 	 13.7
2.191457566900166 	 13.7
2.191357566900166 	 13.7
2.1912575669001657 	 13.7
2.1911575669001655 	 13.7
2.1910575669001653 	 13.7
2.190957566900165 	 13.7
2.190857566900165 	 13.7
2.1907575669001647 	 13.7
2.1906575669001644 	 13.7
2.1905575669001642 	 13.6
2.190457566900164 	 13.6
2.190357566900164 	 13.6
2.1902575669001636 	 13.6
2.1901575669001634 	 13.6
2.190057566900163 	 13.6
2.189957566900163 	 13.6
2.1898575669001628 	 13.6
2.1897575669001625 	 13.6
2.1896575669001623 	 13.6
2.189557566900162 	 13.6
2.189457566900162 	 13.6
2.1893575669001617 	 13.5
2.1892575669001615 	 13.5
2.1891575669001613 	 13.5
2.189057566900161 	 13.5
2.188957566900161 	 13.5
2.1888575669001606 	 13.5
2.1887575669001604 	 13.5
2.1886575669001602 	 13.5
2.18855756690016 	 13.5
2.18845756690016 	 13.5
2.1883575669001596 	 13.5
2.1882575669001594 	 13.5
2.188157566900159 	 13.4
2.188057566900159 	 13.4
2.1879575669001587 	 13.4
2.1878575669001585 	 13.4
2.1877575669001583 	 13.4
2.187657566900158 	 13.4
2.187557566900158 	 13.4
2.1874575669001577 	 13.4
2.1873575669001575 	 13.4
2.1872575669001573 	 13.4
2.187157566900157 	 13.3
2.187057566900157 	 13.3
2.1869575669001566 	 13.3
2.1868575669001564 	 13.3
2.186757566900156 	 13.3
2.186657566900156 	 13.3
2.186557566900156 	 13.3
2.1864575669001556 	 13.3
2.1863575669001554 	 13.3
2.186257566900155 	 13.3
2.186157566900155 	 13.2
2.1860575669001547 	 13.2
2.1859575669001545 	 13.2
2.1858575669001543 	 13.2
2.185757566900154 	 13.2
2.185657566900154 	 13.2
2.1855575669001537 	 13.2
2.1854575669001535 	 13.2
2.1853575669001533 	 13.2
2.185257566900153 	 13.1
2.185157566900153 	 13.1
2.1850575669001526 	 13.1
2.1849575669001524 	 13.1
2.184857566900152 	 13.1
2.184757566900152 	 13.1
2.184657566900152 	 13.1
2.1845575669001516 	 13.1
2.1844575669001514 	 13.1
2.184357566900151 	 13.0
2.184257566900151 	 13.0
2.1841575669001507 	 13.0
2.1840575669001505 	 13.0
2.1839575669001503 	 13.0
2.18385756690015 	 13.0
2.18375756690015 	 13.0
2.1836575669001497 	 13.0
2.1835575669001495 	 13.0
2.1834575669001492 	 12.9
2.183357566900149 	 12.9
2.183257566900149 	 12.9
2.1831575669001486 	 12.9
2.1830575669001484 	 12.9
2.182957566900148 	 12.9
2.182857566900148 	 12.9
2.1827575669001478 	 12.9
2.1826575669001476 	 12.8
2.1825575669001473 	 12.8
2.182457566900147 	 12.8
2.182357566900147 	 12.8
2.1822575669001467 	 12.8
2.1821575669001465 	 12.8
2.1820575669001463 	 12.8
2.181957566900146 	 12.7
2.181857566900146 	 12.7
2.1817575669001457 	 12.7
2.1816575669001455 	 12.7
2.1815575669001452 	 12.7
2.181457566900145 	 12.7
2.181357566900145 	 12.7
2.1812575669001446 	 12.7
2.1811575669001444 	 12.6
2.181057566900144 	 12.6
2.180957566900144 	 12.6
2.1808575669001438 	 12.6
2.1807575669001436 	 12.6
2.1806575669001433 	 12.6
2.180557566900143 	 12.6
2.180457566900143 	 12.5
2.1803575669001427 	 12.5
2.1802575669001425 	 12.5
2.1801575669001423 	 12.5
2.180057566900142 	 12.5
2.179957566900142 	 12.5
2.1798575669001417 	 12.5
2.1797575669001414 	 12.4
2.1796575669001412 	 12.4
2.179557566900141 	 12.4
2.179457566900141 	 12.4
2.1793575669001406 	 12.4
2.1792575669001404 	 12.4
2.17915756690014 	 12.4
2.17905756690014 	 12.3
2.1789575669001398 	 12.3
2.1788575669001395 	 12.3
2.1787575669001393 	 12.3
2.178657566900139 	 12.3
2.178557566900139 	 12.3
2.1784575669001387 	 12.2
2.1783575669001385 	 12.2
2.1782575669001383 	 12.2
2.178157566900138 	 12.2
2.178057566900138 	 12.2
2.1779575669001376 	 12.2
2.1778575669001374 	 12.2
2.177757566900137 	 12.1
2.177657566900137 	 12.1
2.177557566900137 	 12.1
2.1774575669001366 	 12.1
2.1773575669001364 	 12.1
2.177257566900136 	 12.1
2.177157566900136 	 12.0
2.1770575669001357 	 12.0
2.1769575669001355 	 12.0
2.1768575669001353 	 12.0
2.176757566900135 	 12.0
2.176657566900135 	 12.0
2.1765575669001347 	 11.9
2.1764575669001345 	 11.9
2.1763575669001343 	 11.9
2.176257566900134 	 11.9
2.176157566900134 	 11.9
2.1760575669001336 	 11.9
2.1759575669001334 	 11.8
2.175857566900133 	 11.8
2.175757566900133 	 11.8
2.175657566900133 	 11.8
2.1755575669001326 	 11.8
2.1754575669001324 	 11.8
2.175357566900132 	 11.7
2.175257566900132 	 11.7
2.1751575669001317 	 11.7
2.1750575669001315 	 11.7
2.1749575669001313 	 11.7
2.174857566900131 	 11.7
2.174757566900131 	 11.6
2.1746575669001307 	 11.6
2.1745575669001305 	 11.6
2.1744575669001303 	 11.6
2.17435756690013 	 11.6
2.17425756690013 	 11.6
2.1741575669001296 	 11.5
2.1740575669001294 	 11.5
2.173957566900129 	 11.5
2.173857566900129 	 11.5
2.173757566900129 	 11.5
2.1736575669001286 	 11.5
2.1735575669001284 	 11.4
2.173457566900128 	 11.4
2.173357566900128 	 11.4
2.1732575669001277 	 11.4
2.1731575669001275 	 11.4
2.1730575669001273 	 11.3
2.172957566900127 	 11.3
2.172857566900127 	 11.3
2.1727575669001267 	 11.3
2.1726575669001265 	 11.3
2.1725575669001262 	 11.3
2.172457566900126 	 11.2
2.172357566900126 	 11.2
2.1722575669001256 	 11.2
2.1721575669001254 	 11.2
2.172057566900125 	 11.2
2.171957566900125 	 11.1
2.1718575669001248 	 11.1
2.1717575669001246 	 11.1
2.1716575669001243 	 11.1
2.171557566900124 	 11.1
2.171457566900124 	 11.0
2.1713575669001237 	 11.0
2.1712575669001235 	 11.0
2.1711575669001233 	 11.0
2.171057566900123 	 11.0
2.170957566900123 	 11.0
2.1708575669001227 	 10.9
2.1707575669001224 	 10.9
2.1706575669001222 	 10.9
2.170557566900122 	 10.9
2.170457566900122 	 10.9
2.1703575669001216 	 10.8
2.1702575669001214 	 10.8
2.170157566900121 	 10.8
2.170057566900121 	 10.8
2.1699575669001208 	 10.8
2.1698575669001205 	 10.7
2.1697575669001203 	 10.7
2.16965756690012 	 10.7
2.16955756690012 	 10.7
2.1694575669001197 	 10.7
2.1693575669001195 	 10.6
2.1692575669001193 	 10.6
2.169157566900119 	 10.6
2.169057566900119 	 10.6
2.1689575669001186 	 10.6
2.1688575669001184 	 10.5
2.1687575669001182 	 10.5
2.168657566900118 	 10.5
2.168557566900118 	 10.5
2.1684575669001176 	 10.5
2.1683575669001174 	 10.4
2.168257566900117 	 10.4
2.168157566900117 	 10.4
2.1680575669001168 	 10.4
2.1679575669001165 	 10.4
2.1678575669001163 	 10.3
2.167757566900116 	 10.3
2.167657566900116 	 10.3
2.1675575669001157 	 10.3
2.1674575669001155 	 10.3
2.1673575669001153 	 10.2
2.167257566900115 	 10.2
2.167157566900115 	 10.2
2.1670575669001146 	 10.2
2.1669575669001144 	 10.2
2.166857566900114 	 10.1
2.166757566900114 	 10.1
2.166657566900114 	 10.1
2.1665575669001136 	 10.1
2.1664575669001134 	 10.0
2.166357566900113 	 10.0
2.166257566900113 	 10.0
2.1661575669001127 	 10.0
2.1660575669001125 	 10.0
2.1659575669001123 	 9.9
2.165857566900112 	 9.9
2.165757566900112 	 9.9
2.1656575669001117 	 9.9
2.1655575669001115 	 9.9
2.1654575669001113 	 9.8
2.165357566900111 	 9.8
2.165257566900111 	 9.8
2.1651575669001106 	 9.8
2.1650575669001104 	 9.7
2.16495756690011 	 9.7
2.16485756690011 	 9.7
2.16475756690011 	 9.7
2.1646575669001096 	 9.7
2.1645575669001094 	 9.6
2.164457566900109 	 9.6
2.164357566900109 	 9.6
2.1642575669001087 	 9.6
2.1641575669001085 	 9.6
2.1640575669001083 	 9.5
2.163957566900108 	 9.5
2.163857566900108 	 9.5
2.1637575669001077 	 9.5
2.1636575669001075 	 9.4
2.1635575669001073 	 9.4
2.163457566900107 	 9.4
2.163357566900107 	 9.4
2.1632575669001066 	 9.4
2.1631575669001064 	 9.3
2.163057566900106 	 9.3
2.162957566900106 	 9.3
2.1628575669001058 	 9.3
2.1627575669001056 	 9.2
2.1626575669001054 	 9.2
2.162557566900105 	 9.2
2.162457566900105 	 9.2
2.1623575669001047 	 9.2
2.1622575669001045 	 9.1
2.1621575669001043 	 9.1
2.162057566900104 	 9.1
2.161957566900104 	 9.1
2.1618575669001037 	 9.0
2.1617575669001035 	 9.0
2.1616575669001032 	 9.0
2.161557566900103 	 9.0
2.161457566900103 	 8.9
2.1613575669001026 	 8.9
2.1612575669001024 	 8.9
2.161157566900102 	 8.9
2.161057566900102 	 8.9
2.1609575669001018 	 8.8
2.1608575669001016 	 8.8
2.1607575669001013 	 8.8
2.160657566900101 	 8.8
2.160557566900101 	 8.7
2.1604575669001007 	 8.7
2.1603575669001005 	 8.7
2.1602575669001003 	 8.7
2.1601575669001 	 8.7
2.1600575669001 	 8.6
2.1599575669000997 	 8.6
2.1598575669000994 	 8.6
2.1597575669000992 	 8.6
2.159657566900099 	 8.5
2.159557566900099 	 8.5
2.1594575669000986 	 8.5
2.1593575669000984 	 8.5
2.159257566900098 	 8.4
2.159157566900098 	 8.4
2.1590575669000978 	 8.4
2.1589575669000975 	 8.4
2.1588575669000973 	 8.4
2.158757566900097 	 8.3
2.158657566900097 	 8.3
2.1585575669000967 	 8.3
2.1584575669000965 	 8.3
2.1583575669000963 	 8.2
2.158257566900096 	 8.2
2.158157566900096 	 8.2
2.1580575669000956 	 8.2
2.1579575669000954 	 8.1
2.1578575669000952 	 8.1
2.157757566900095 	 8.1
2.157657566900095 	 8.1
2.1575575669000946 	 8.0
2.1574575669000944 	 8.0
2.157357566900094 	 8.0
2.157257566900094 	 8.0
2.1571575669000937 	 7.9
2.1570575669000935 	 7.9
2.1569575669000933 	 7.9
2.156857566900093 	 7.9
2.156757566900093 	 7.9
2.1566575669000927 	 7.8
2.1565575669000925 	 7.8
2.1564575669000923 	 7.8
2.156357566900092 	 7.8
2.156257566900092 	 7.7
2.1561575669000916 	 7.7
2.1560575669000914 	 7.7
2.155957566900091 	 7.7
2.155857566900091 	 7.6
2.155757566900091 	 7.6
2.1556575669000906 	 7.6
2.1555575669000904 	 7.6
2.15545756690009 	 7.5
2.15535756690009 	 7.5
2.1552575669000897 	 7.5
2.1551575669000895 	 7.5
2.1550575669000893 	 7.4
2.154957566900089 	 7.4
2.154857566900089 	 7.4
2.1547575669000887 	 7.4
2.1546575669000885 	 7.4
2.1545575669000883 	 7.3
2.154457566900088 	 7.3
2.154357566900088 	 7.3
2.1542575669000876 	 7.3
2.1541575669000874 	 7.2
2.154057566900087 	 7.2
2.153957566900087 	 7.2
2.153857566900087 	 7.2
2.1537575669000866 	 7.1
2.1536575669000864 	 7.1
2.153557566900086 	 7.1
2.153457566900086 	 7.1
2.1533575669000857 	 7.0
2.1532575669000855 	 7.0
2.1531575669000853 	 7.0
2.153057566900085 	 7.0
2.152957566900085 	 6.9
2.1528575669000847 	 6.9
2.1527575669000845 	 6.9
2.1526575669000843 	 6.9
2.152557566900084 	 6.8
2.152457566900084 	 6.8
2.1523575669000836 	 6.8
2.1522575669000834 	 6.8
2.152157566900083 	 6.7
2.152057566900083 	 6.7
2.1519575669000828 	 6.7
2.1518575669000826 	 6.7
2.1517575669000824 	 6.6
2.151657566900082 	 6.6
2.151557566900082 	 6.6
2.1514575669000817 	 6.6
2.1513575669000815 	 6.5
2.1512575669000813 	 6.5
2.151157566900081 	 6.5
2.151057566900081 	 6.5
2.1509575669000807 	 6.5
2.1508575669000805 	 6.4
2.1507575669000802 	 6.4
2.15065756690008 	 6.4
2.15055756690008 	 6.4
2.1504575669000796 	 6.3
2.1503575669000794 	 6.3
2.150257566900079 	 6.3
2.150157566900079 	 6.3
2.1500575669000788 	 6.2
2.1499575669000786 	 6.2
2.1498575669000783 	 6.2
2.149757566900078 	 6.2
2.149657566900078 	 6.1
2.1495575669000777 	 6.1
2.1494575669000775 	 6.1
2.1493575669000773 	 6.1
2.149257566900077 	 6.0
2.149157566900077 	 6.0
2.1490575669000767 	 6.0
2.1489575669000764 	 6.0
2.1488575669000762 	 5.9
2.148757566900076 	 5.9
2.148657566900076 	 5.9
2.1485575669000756 	 5.9
2.1484575669000754 	 5.8
2.148357566900075 	 5.8
2.148257566900075 	 5.8
2.1481575669000748 	 5.8
2.1480575669000745 	 5.7
2.1479575669000743 	 5.7
2.147857566900074 	 5.7
2.147757566900074 	 5.7
2.1476575669000737 	 5.6
2.1475575669000735 	 5.6
2.1474575669000733 	 5.6
2.147357566900073 	 5.6
2.147257566900073 	 5.5
2.1471575669000726 	 5.5
2.1470575669000724 	 5.5
2.1469575669000722 	 5.5
2.146857566900072 	 5.4
2.146757566900072 	 5.4
2.1466575669000716 	 5.4
2.1465575669000714 	 5.4
2.146457566900071 	 5.3
2.146357566900071 	 5.3
2.1462575669000707 	 5.3
2.1461575669000705 	 5.3
2.1460575669000703 	 5.2
2.14595756690007 	 5.2
2.14585756690007 	 5.2
2.1457575669000697 	 5.2
2.1456575669000695 	 5.2
2.1455575669000693 	 5.1
2.145457566900069 	 5.1
2.145357566900069 	 5.1
2.1452575669000686 	 5.1
2.1451575669000684 	 5.0
2.145057566900068 	 5.0
2.144957566900068 	 5.0
2.144857566900068 	 5.0
2.1447575669000676 	 4.9
2.1446575669000674 	 4.9
2.144557566900067 	 4.9
2.144457566900067 	 4.9
2.1443575669000667 	 4.8
2.1442575669000665 	 4.8
2.1441575669000663 	 4.8
2.144057566900066 	 4.8
2.143957566900066 	 4.7
2.1438575669000657 	 4.7
2.1437575669000655 	 4.7
2.1436575669000653 	 4.7
2.143557566900065 	 4.6
2.143457566900065 	 4.6
2.1433575669000646 	 4.6
2.1432575669000644 	 4.6
2.143157566900064 	 4.5
2.143057566900064 	 4.5
2.142957566900064 	 4.5
2.1428575669000636 	 4.5
2.1427575669000634 	 4.4
2.142657566900063 	 4.4
2.142557566900063 	 4.4
2.1424575669000627 	 4.4
2.1423575669000625 	 4.3
2.1422575669000623 	 4.3
2.142157566900062 	 4.3
2.142057566900062 	 4.3
2.1419575669000617 	 4.3
2.1418575669000615 	 4.2
2.1417575669000612 	 4.2
2.141657566900061 	 4.2
2.141557566900061 	 4.2
2.1414575669000606 	 4.1
2.1413575669000604 	 4.1
2.14125756690006 	 4.1
2.14115756690006 	 4.1
2.1410575669000598 	 4.0
2.1409575669000596 	 4.0
2.1408575669000593 	 4.0
2.140757566900059 	 4.0
2.140657566900059 	 3.9
2.1405575669000587 	 3.9
2.1404575669000585 	 3.9
2.1403575669000583 	 3.9
2.140257566900058 	 3.8
2.140157566900058 	 3.8
2.1400575669000577 	 3.8
2.1399575669000575 	 3.8
2.1398575669000572 	 3.8
2.139757566900057 	 3.7
2.139657566900057 	 3.7
2.1395575669000566 	 3.7
2.1394575669000564 	 3.7
2.139357566900056 	 3.6
2.139257566900056 	 3.6
2.1391575669000558 	 3.6
2.1390575669000556 	 3.6
2.1389575669000553 	 3.5
2.138857566900055 	 3.5
2.138757566900055 	 3.5
2.1386575669000547 	 3.5
2.1385575669000545 	 3.4
2.1384575669000543 	 3.4
2.138357566900054 	 3.4
2.138257566900054 	 3.4
2.1381575669000537 	 3.4
2.1380575669000534 	 3.3
2.1379575669000532 	 3.3
2.137857566900053 	 3.3
2.137757566900053 	 3.3
2.1376575669000526 	 3.2
2.1375575669000524 	 3.2
2.137457566900052 	 3.2
2.137357566900052 	 3.2
2.1372575669000518 	 3.1
2.1371575669000515 	 3.1
2.1370575669000513 	 3.1
2.136957566900051 	 3.1
2.136857566900051 	 3.1
2.1367575669000507 	 3.0
2.1366575669000505 	 3.0
2.1365575669000503 	 3.0
2.13645756690005 	 3.0
2.13635756690005 	 2.9
2.1362575669000496 	 2.9
2.1361575669000494 	 2.9
2.136057566900049 	 2.9
2.135957566900049 	 2.8
2.135857566900049 	 2.8
2.1357575669000486 	 2.8
2.1356575669000484 	 2.8
2.135557566900048 	 2.8
2.135457566900048 	 2.7
2.1353575669000477 	 2.7
2.1352575669000475 	 2.7
2.1351575669000473 	 2.7
2.135057566900047 	 2.6
2.134957566900047 	 2.6
2.1348575669000467 	 2.6
2.1347575669000465 	 2.6
2.1346575669000463 	 2.6
2.134557566900046 	 2.5
2.134457566900046 	 2.5
2.1343575669000456 	 2.5
2.1342575669000454 	 2.5
2.134157566900045 	 2.4
2.134057566900045 	 2.4
2.133957566900045 	 2.4
2.1338575669000446 	 2.4
2.1337575669000444 	 2.4
2.133657566900044 	 2.3
2.133557566900044 	 2.3
2.1334575669000437 	 2.3
2.1333575669000435 	 2.3
2.1332575669000433 	 2.2
2.133157566900043 	 2.2
2.133057566900043 	 2.2
2.1329575669000427 	 2.2
2.1328575669000425 	 2.2
2.1327575669000423 	 2.1
2.132657566900042 	 2.1
2.132557566900042 	 2.1
2.1324575669000416 	 2.1
2.1323575669000414 	 2.0
2.132257566900041 	 2.0
2.132157566900041 	 2.0
2.132057566900041 	 2.0
2.1319575669000406 	 2.0
2.1318575669000404 	 1.9
2.13175756690004 	 1.9
2.13165756690004 	 1.9
2.1315575669000397 	 1.9
2.1314575669000395 	 1.9
2.1313575669000393 	 1.8
2.131257566900039 	 1.8
2.131157566900039 	 1.8
2.1310575669000387 	 1.8
2.1309575669000385 	 1.7
2.1308575669000382 	 1.7
2.130757566900038 	 1.7
2.130657566900038 	 1.7
2.1305575669000376 	 1.7
2.1304575669000374 	 1.6
2.130357566900037 	 1.6
2.130257566900037 	 1.6
2.1301575669000368 	 1.6
2.1300575669000366 	 1.6
2.1299575669000363 	 1.5
2.129857566900036 	 1.5
2.129757566900036 	 1.5
2.1296575669000357 	 1.5
2.1295575669000355 	 1.5
2.1294575669000353 	 1.4
2.129357566900035 	 1.4
2.129257566900035 	 1.4
2.1291575669000347 	 1.4
2.1290575669000344 	 1.4
2.1289575669000342 	 1.3
2.128857566900034 	 1.3
2.128757566900034 	 1.3
2.1286575669000336 	 1.3
2.1285575669000334 	 1.3
2.128457566900033 	 1.2
2.128357566900033 	 1.2
2.1282575669000328 	 1.2
2.1281575669000325 	 1.2
2.1280575669000323 	 1.2
2.127957566900032 	 1.1
2.127857566900032 	 1.1
2.1277575669000317 	 1.1
2.1276575669000315 	 1.1
2.1275575669000313 	 1.1
2.127457566900031 	 1.0
2.127357566900031 	 1.0
2.1272575669000306 	 1.0
2.1271575669000304 	 1.0
2.1270575669000302 	 1.0
2.12695756690003 	 0.9
2.12685756690003 	 0.9
2.1267575669000296 	 0.9
2.1266575669000294 	 0.9
2.126557566900029 	 0.9
2.126457566900029 	 0.8
2.1263575669000288 	 0.8
2.1262575669000285 	 0.8
2.1261575669000283 	 0.8
2.126057566900028 	 0.8
2.125957566900028 	 0.7
2.1258575669000277 	 0.7
2.1257575669000275 	 0.7
2.1256575669000273 	 0.7
2.125557566900027 	 0.7
2.125457566900027 	 0.7
2.1253575669000266 	 0.6
2.1252575669000264 	 0.6
2.125157566900026 	 0.6
2.125057566900026 	 0.6
2.124957566900026 	 0.6
2.1248575669000256 	 0.5
2.1247575669000254 	 0.5
2.124657566900025 	 0.5
2.124557566900025 	 0.5
2.1244575669000247 	 0.5
2.1243575669000245 	 0.4
2.1242575669000243 	 0.4
2.124157566900024 	 0.4
2.124057566900024 	 0.4
2.1239575669000237 	 0.4
2.1238575669000235 	 0.4
2.1237575669000233 	 0.3
2.123657566900023 	 0.3
2.123557566900023 	 0.3
2.1234575669000226 	 0.3
2.1233575669000224 	 0.3
2.123257566900022 	 0.3
2.123157566900022 	 0.2
2.123057566900022 	 0.2
2.1229575669000216 	 0.2
2.1228575669000214 	 0.2
2.122757566900021 	 0.2
2.122657566900021 	 0.1
2.1225575669000207 	 0.1
2.1224575669000205 	 0.1
2.1223575669000203 	 0.1
2.12225756690002 	 0.1
2.12215756690002 	 0.1
