[5, 4, 2, 1, 9]  \  15
[3, 6, 7, 8, 10]  \  2
[5, 3, 7, 2, 1]  \  18
[5, 3, 1, 7, 2]  \  18
[5, 3, 1, 7, 2]  \  18
[3, 6, 7, 8, 10]  \  2
[1, 8, 2, 7, 3]  \  15
[1, 8, 3, 7, 2]  \  15
[5, 3, 1, 7, 2]  \  18
[3, 6, 7, 8, 10]  \  2
[3, 10, 7, 1, 5]  \  10
[7, 10, 5, 3, 1]  \  10
[5, 3, 1, 7, 2]  \  18
[3, 6, 7, 8, 10]  \  2
[7, 6, 1, 5, 2]  \  15
[7, 6, 5, 2, 1]  \  15
[5, 3, 1, 7, 2]  \  18
[3, 6, 7, 8, 10]  \  2
[2, 8, 1, 7, 3]  \  15
[1, 7, 2, 8, 3]  \  15
[5, 3, 1, 7, 2]  \  18
[3, 6, 7, 8, 10]  \  2
[7, 10, 3, 8, 5]  \  3
[3, 8, 7, 5, 10]  \  3
[5, 3, 1, 7, 2]  \  18
[3, 6, 7, 8, 10]  \  2
[1, 8, 3, 6, 7]  \  11
[7, 8, 3, 6, 1]  \  11
[5, 3, 1, 7, 2]  \  18
[3, 6, 7, 8, 10]  \  2
[7, 8, 5, 3, 2]  \  11
[2, 8, 3, 7, 5]  \  11
[5, 3, 1, 7, 2]  \  18
[3, 6, 7, 8, 10]  \  2
[2, 8, 3, 10, 7]  \  6
[7, 10, 3, 2, 8]  \  6
[5, 3, 1, 7, 2]  \  18
[3, 6, 7, 8, 10]  \  2
[3, 7, 8, 2, 1]  \  15
[1, 7, 2, 8, 3]  \  15
[5, 3, 1, 7, 2]  \  18
[3, 6, 7, 8, 10]  \  2
[3, 10, 2, 7, 8]  \  6
[3, 10, 2, 7, 8]  \  6
[5, 3, 1, 7, 2]  \  18
[3, 6, 7, 8, 10]  \  2
[2, 10, 3, 6, 1]  \  14
[2, 6, 1, 10, 3]  \  14
[5, 3, 1, 7, 2]  \  18
[3, 6, 7, 8, 10]  \  2
[1, 8, 7, 10, 2]  \  8
[2, 10, 7, 8, 1]  \  8
[5, 3, 1, 7, 2]  \  18
[3, 6, 7, 8, 10]  \  2
[5, 3, 7, 6, 2]  \  13
[2, 7, 3, 6, 5]  \  13
[5, 3, 1, 7, 2]  \  18
[3, 6, 7, 8, 10]  \  2
[5, 7, 1, 6, 8]  \  9
[1, 6, 7, 5, 8]  \  9
[5, 3, 1, 7, 2]  \  18
[3, 6, 7, 8, 10]  \  2
[2, 7, 3, 10, 5]  \  9
[5, 7, 2, 10, 3]  \  9
[5, 3, 1, 7, 2]  \  18
[3, 6, 7, 8, 10]  \  2
[5, 7, 2, 3, 1]  \  18
[2, 7, 1, 3, 5]  \  18
[2, 7, 1, 3, 5]  \  18
[3, 6, 7, 8, 10]  \  2
[5, 3, 7, 6, 1]  \  14
[5, 7, 3, 6, 1]  \  14
[2, 7, 1, 3, 5]  \  18
[3, 6, 7, 8, 10]  \  2
[5, 6, 7, 10, 3]  \  5
[7, 3, 10, 5, 6]  \  5
[2, 7, 1, 3, 5]  \  18
[3, 6, 7, 8, 10]  \  2
[7, 5, 10, 3, 8]  \  3
[7, 8, 5, 3, 10]  \  3
[2, 7, 1, 3, 5]  \  18
[3, 6, 7, 8, 10]  \  2
[7, 5, 6, 2, 10]  \  6
[7, 6, 5, 10, 2]  \  6
[2, 7, 1, 3, 5]  \  18
[3, 6, 7, 8, 10]  \  2
[7, 8, 5, 3, 6]  \  7
[5, 7, 8, 6, 3]  \  7
[2, 7, 1, 3, 5]  \  18
[3, 6, 7, 8, 10]  \  2
[5, 8, 3, 7, 6]  \  7
[5, 8, 3, 6, 7]  \  7
[2, 7, 1, 3, 5]  \  18
[3, 6, 7, 8, 10]  \  2
[2, 7, 6, 3, 10]  \  8
[7, 6, 10, 2, 3]  \  8
[2, 7, 1, 3, 5]  \  18
[3, 6, 7, 8, 10]  \  2
[5, 7, 10, 1, 8]  \  5
[5, 7, 8, 1, 10]  \  5
[2, 7, 1, 3, 5]  \  18
[3, 6, 7, 8, 10]  \  2
[3, 7, 6, 8, 10]  \  2
[3, 6, 7, 8, 10]  \  2
[2, 7, 1, 3, 5]  \  18
[3, 6, 7, 8, 10]  \  2
[7, 8, 10, 5, 3]  \  3
[5, 10, 8, 3, 7]  \  3
[2, 7, 1, 3, 5]  \  18
[3, 6, 7, 8, 10]  \  2
[1, 6, 3, 7, 5]  \  14
[7, 3, 1, 6, 5]  \  14
[2, 7, 1, 3, 5]  \  18
[3, 6, 7, 8, 10]  \  2
[3, 8, 1, 6, 2]  \  16
[1, 6, 3, 8, 2]  \  16
[2, 7, 1, 3, 5]  \  18
[3, 6, 7, 8, 10]  \  2
[3, 8, 5, 10, 2]  \  8
[5, 10, 3, 8, 2]  \  8
[2, 7, 1, 3, 5]  \  18
[3, 6, 7, 8, 10]  \  2
[5, 7, 8, 1, 3]  \  12
[1, 3, 8, 5, 7]  \  12
[2, 7, 1, 3, 5]  \  18
[3, 6, 7, 8, 10]  \  2
[1, 8, 3, 7, 10]  \  7
[3, 10, 1, 8, 7]  \  7
[2, 7, 1, 3, 5]  \  18
[3, 6, 7, 8, 10]  \  2
[1, 7, 6, 8, 2]  \  12
[1, 7, 8, 2, 6]  \  12
[2, 7, 1, 3, 5]  \  18
[3, 6, 7, 8, 10]  \  2
[7, 6, 3, 10, 1]  \  9
[1, 10, 7, 6, 3]  \  9
[2, 7, 1, 3, 5]  \  18
[3, 6, 7, 8, 10]  \  2
[7, 3, 8, 6, 2]  \  10
[3, 6, 2, 7, 8]  \  10
[2, 7, 1, 3, 5]  \  18
[3, 6, 7, 8, 10]  \  2
[1, 10, 3, 7, 6]  \  9
[3, 6, 10, 1, 7]  \  9
[2, 7, 1, 3, 5]  \  18
[3, 6, 7, 8, 10]  \  2
[3, 10, 5, 1, 6]  \  11
[1, 6, 5, 10, 3]  \  11
[2, 7, 1, 3, 5]  \  18
[3, 6, 7, 8, 10]  \  2
[3, 6, 1, 7, 8]  \  11
[1, 6, 7, 3, 8]  \  11
[2, 7, 1, 3, 5]  \  18
[3, 6, 7, 8, 10]  \  2
[2, 10, 5, 8, 6]  \  5
[5, 6, 10, 2, 8]  \  5
[2, 7, 1, 3, 5]  \  18
[3, 6, 7, 8, 10]  \  2
[5, 8, 3, 7, 1]  \  12
[5, 8, 1, 3, 7]  \  12
[2, 7, 1, 3, 5]  \  18
[3, 6, 7, 8, 10]  \  2
[1, 8, 7, 2, 10]  \  8
[2, 8, 7, 10, 1]  \  8
[2, 7, 1, 3, 5]  \  18
[3, 6, 7, 8, 10]  \  2
[2, 6, 3, 10, 1]  \  14
[1, 6, 2, 3, 10]  \  14
[2, 7, 1, 3, 5]  \  18
[3, 6, 7, 8, 10]  \  2
[3, 7, 2, 6, 5]  \  13
[2, 3, 5, 6, 7]  \  13
[2, 7, 1, 3, 5]  \  18
[3, 6, 7, 8, 10]  \  2
[7, 3, 6, 1, 8]  \  11
[3, 7, 1, 6, 8]  \  11
[2, 7, 1, 3, 5]  \  18
[3, 6, 7, 8, 10]  \  2
[5, 10, 3, 6, 2]  \  10
[2, 10, 5, 6, 3]  \  10
[2, 7, 1, 3, 5]  \  18
[3, 6, 7, 8, 10]  \  2
[1, 6, 7, 2, 3]  \  17
[2, 7, 3, 6, 1]  \  17
[2, 7, 1, 3, 5]  \  18
[3, 6, 7, 8, 10]  \  2
[3, 7, 1, 8, 6]  \  11
[3, 6, 1, 7, 8]  \  11
[2, 7, 1, 3, 5]  \  18
[3, 6, 7, 8, 10]  \  2
[2, 7, 8, 1, 10]  \  8
[1, 7, 2, 10, 8]  \  8
[2, 7, 1, 3, 5]  \  18
[3, 6, 7, 8, 10]  \  2
[3, 10, 7, 5, 6]  \  5
[7, 3, 6, 5, 10]  \  5
[2, 7, 1, 3, 5]  \  18
[3, 6, 7, 8, 10]  \  2
[3, 10, 7, 8, 6]  \  2
[7, 6, 3, 8, 10]  \  2
[2, 7, 1, 3, 5]  \  18
[7, 6, 3, 8, 10]  \  2
[3, 10, 1, 8, 7]  \  7
[3, 8, 7, 10, 1]  \  7
[2, 7, 1, 3, 5]  \  18
[7, 6, 3, 8, 10]  \  2
[3, 7, 8, 1, 6]  \  11
[7, 3, 1, 6, 8]  \  11
[2, 7, 1, 3, 5]  \  18
[7, 6, 3, 8, 10]  \  2
[3, 7, 8, 2, 10]  \  6
[7, 10, 3, 2, 8]  \  6
[2, 7, 1, 3, 5]  \  18
[7, 6, 3, 8, 10]  \  2
[5, 6, 10, 1, 3]  \  11
[5, 10, 1, 6, 3]  \  11
[2, 7, 1, 3, 5]  \  18
[7, 6, 3, 8, 10]  \  2
[5, 3, 1, 8, 7]  \  12
[7, 8, 1, 3, 5]  \  12
[2, 7, 1, 3, 5]  \  18
[7, 6, 3, 8, 10]  \  2
[7, 8, 10, 5, 6]  \  0
[5, 8, 6, 7, 10]  \  0
[2, 7, 1, 3, 5]  \  18
[5, 8, 6, 7, 10]  \  0
[7, 8, 2, 5, 3]  \  11
[2, 8, 5, 7, 3]  \  11
[2, 7, 1, 3, 5]  \  18
[5, 8, 6, 7, 10]  \  0
[5, 8, 3, 10, 1]  \  9
[3, 10, 8, 5, 1]  \  9
[2, 7, 1, 3, 5]  \  18
[5, 8, 6, 7, 10]  \  0
[3, 7, 1, 2, 6]  \  17
[3, 7, 1, 6, 2]  \  17
[2, 7, 1, 3, 5]  \  18
[5, 8, 6, 7, 10]  \  0
[2, 6, 1, 3, 8]  \  16
[2, 8, 3, 1, 6]  \  16
[2, 7, 1, 3, 5]  \  18
[5, 8, 6, 7, 10]  \  0
[5, 8, 7, 1, 3]  \  12
[3, 8, 7, 5, 1]  \  12
[2, 7, 1, 3, 5]  \  18
[5, 8, 6, 7, 10]  \  0
[7, 6, 1, 3, 8]  \  11
[1, 6, 3, 8, 7]  \  11
[2, 7, 1, 3, 5]  \  18
[5, 8, 6, 7, 10]  \  0
[1, 10, 3, 5, 8]  \  9
[3, 10, 1, 8, 5]  \  9
[2, 7, 1, 3, 5]  \  18
[5, 8, 6, 7, 10]  \  0
[1, 10, 3, 7, 5]  \  10
[1, 7, 10, 5, 3]  \  10
[2, 7, 1, 3, 5]  \  18
[5, 8, 6, 7, 10]  \  0
[3, 10, 7, 2, 6]  \  8
[2, 6, 10, 3, 7]  \  8
[2, 7, 1, 3, 5]  \  18
[5, 8, 6, 7, 10]  \  0
[3, 8, 7, 2, 5]  \  11
[3, 7, 2, 8, 5]  \  11
[2, 7, 1, 3, 5]  \  18
[5, 8, 6, 7, 10]  \  0
[7, 10, 1, 5, 3]  \  10
[3, 10, 7, 5, 1]  \  10
[2, 7, 1, 3, 5]  \  18
[5, 8, 6, 7, 10]  \  0
[1, 10, 8, 5, 2]  \  10
[1, 8, 10, 5, 2]  \  10
[2, 7, 1, 3, 5]  \  18
[5, 8, 6, 7, 10]  \  0
[3, 7, 6, 8, 1]  \  11
[7, 8, 3, 1, 6]  \  11
[2, 7, 1, 3, 5]  \  18
[5, 8, 6, 7, 10]  \  0
[1, 5, 7, 6, 10]  \  7
[5, 6, 1, 7, 10]  \  7
[2, 7, 1, 3, 5]  \  18
[5, 8, 6, 7, 10]  \  0
[3, 8, 7, 10, 5]  \  3
[5, 8, 3, 7, 10]  \  3
[2, 7, 1, 3, 5]  \  18
[5, 8, 6, 7, 10]  \  0
[7, 8, 1, 6, 2]  \  12
[7, 8, 2, 6, 1]  \  12
[2, 7, 1, 3, 5]  \  18
[5, 8, 6, 7, 10]  \  0
[5, 8, 1, 10, 3]  \  9
[1, 8, 10, 3, 5]  \  9
[2, 7, 1, 3, 5]  \  18
[5, 8, 6, 7, 10]  \  0
[5, 6, 1, 10, 3]  \  11
[3, 5, 6, 1, 10]  \  11
[2, 7, 1, 3, 5]  \  18
[5, 8, 6, 7, 10]  \  0
[1, 7, 5, 6, 8]  \  9
[1, 6, 5, 8, 7]  \  9
[2, 7, 1, 3, 5]  \  18
[5, 8, 6, 7, 10]  \  0
[5, 7, 1, 3, 8]  \  12
[1, 7, 3, 8, 5]  \  12
[2, 7, 1, 3, 5]  \  18
[5, 8, 6, 7, 10]  \  0
[3, 10, 2, 7, 5]  \  9
[3, 10, 5, 2, 7]  \  9
[2, 7, 1, 3, 5]  \  18
[5, 8, 6, 7, 10]  \  0
[7, 6, 2, 5, 8]  \  8
[5, 7, 2, 8, 6]  \  8
[2, 7, 1, 3, 5]  \  18
[5, 8, 6, 7, 10]  \  0
[5, 6, 3, 7, 8]  \  7
[5, 6, 7, 8, 3]  \  7
[2, 7, 1, 3, 5]  \  18
[5, 8, 6, 7, 10]  \  0
[1, 10, 8, 7, 6]  \  4
[7, 8, 1, 10, 6]  \  4
[2, 7, 1, 3, 5]  \  18
[5, 8, 6, 7, 10]  \  0
[2, 5, 3, 10, 1]  \  15
[3, 5, 1, 10, 2]  \  15
[2, 7, 1, 3, 5]  \  18
[5, 8, 6, 7, 10]  \  0
[3, 6, 5, 10, 8]  \  4
[5, 8, 3, 6, 10]  \  4
[2, 7, 1, 3, 5]  \  18
[5, 8, 6, 7, 10]  \  0
[3, 7, 5, 6, 1]  \  14
[5, 6, 7, 3, 1]  \  14
[2, 7, 1, 3, 5]  \  18
[5, 8, 6, 7, 10]  \  0
[3, 5, 1, 7, 2]  \  18
[2, 5, 1, 7, 3]  \  18
[2, 5, 1, 7, 3]  \  18
[5, 8, 6, 7, 10]  \  0
[3, 8, 10, 7, 6]  \  2
[3, 10, 7, 8, 6]  \  2
[2, 5, 1, 7, 3]  \  18
[5, 8, 6, 7, 10]  \  0
[3, 10, 5, 6, 2]  \  10
[3, 10, 5, 2, 6]  \  10
[2, 5, 1, 7, 3]  \  18
[5, 8, 6, 7, 10]  \  0
[7, 6, 3, 10, 5]  \  5
[5, 10, 3, 7, 6]  \  5
[2, 5, 1, 7, 3]  \  18
[5, 8, 6, 7, 10]  \  0
[1, 10, 5, 7, 3]  \  10
[1, 7, 3, 10, 5]  \  10
[2, 5, 1, 7, 3]  \  18
[5, 8, 6, 7, 10]  \  0
[7, 10, 2, 1, 6]  \  10
[2, 6, 10, 7, 1]  \  10
[2, 5, 1, 7, 3]  \  18
[5, 8, 6, 7, 10]  \  0
[3, 10, 7, 8, 1]  \  7
[1, 8, 7, 3, 10]  \  7
[2, 5, 1, 7, 3]  \  18
[5, 8, 6, 7, 10]  \  0
[3, 10, 2, 8, 7]  \  6
[2, 10, 7, 8, 3]  \  6
[2, 5, 1, 7, 3]  \  18
[5, 8, 6, 7, 10]  \  0
[1, 5, 7, 8, 6]  \  9
[7, 6, 8, 5, 1]  \  9
[2, 5, 1, 7, 3]  \  18
[5, 8, 6, 7, 10]  \  0
[3, 6, 5, 10, 7]  \  5
[5, 10, 3, 7, 6]  \  5
[2, 5, 1, 7, 3]  \  18
[5, 8, 6, 7, 10]  \  0
[3, 7, 5, 2, 10]  \  9
[7, 5, 3, 10, 2]  \  9
[2, 5, 1, 7, 3]  \  18
[5, 8, 6, 7, 10]  \  0
[5, 7, 1, 10, 3]  \  10
[3, 7, 1, 10, 5]  \  10
[2, 5, 1, 7, 3]  \  18
[5, 8, 6, 7, 10]  \  0
[7, 6, 5, 2, 8]  \  8
[7, 6, 8, 2, 5]  \  8
[2, 5, 1, 7, 3]  \  18
[5, 8, 6, 7, 10]  \  0
[1, 10, 3, 6, 8]  \  8
[3, 8, 1, 6, 10]  \  8
[2, 5, 1, 7, 3]  \  18
[5, 8, 6, 7, 10]  \  0
[7, 10, 1, 8, 3]  \  7
[3, 10, 1, 8, 7]  \  7
[2, 5, 1, 7, 3]  \  18
[5, 8, 6, 7, 10]  \  0
[7, 8, 1, 10, 2]  \  8
[7, 8, 10, 2, 1]  \  8
[2, 5, 1, 7, 3]  \  18
[5, 8, 6, 7, 10]  \  0
[7, 10, 2, 1, 6]  \  10
[1, 7, 10, 6, 2]  \  10
[2, 5, 1, 7, 3]  \  18
[5, 8, 6, 7, 10]  \  0
[3, 10, 7, 5, 1]  \  10
[3, 10, 5, 7, 1]  \  10
[2, 5, 1, 7, 3]  \  18
[5, 8, 6, 7, 10]  \  0
[1, 5, 2, 10, 7]  \  11
[7, 1, 10, 5, 2]  \  11
[2, 5, 1, 7, 3]  \  18
[5, 8, 6, 7, 10]  \  0
[5, 10, 1, 8, 6]  \  6
[1, 8, 5, 10, 6]  \  6
[2, 5, 1, 7, 3]  \  18
[5, 8, 6, 7, 10]  \  0
[3, 10, 5, 2, 8]  \  8
[3, 10, 2, 8, 5]  \  8
[2, 5, 1, 7, 3]  \  18
[5, 8, 6, 7, 10]  \  0
[5, 8, 3, 10, 7]  \  3
[7, 8, 10, 5, 3]  \  3
[2, 5, 1, 7, 3]  \  18
[5, 8, 6, 7, 10]  \  0
[7, 10, 5, 6, 8]  \  0
[5, 8, 7, 10, 6]  \  0
[2, 5, 1, 7, 3]  \  18
[5, 8, 7, 10, 6]  \  0
[2, 10, 7, 5, 6]  \  6
[2, 6, 10, 7, 5]  \  6
[2, 5, 1, 7, 3]  \  18
[5, 8, 7, 10, 6]  \  0
[5, 6, 1, 7, 3]  \  14
[7, 5, 1, 6, 3]  \  14
[2, 5, 1, 7, 3]  \  18
[5, 8, 7, 10, 6]  \  0
[5, 6, 3, 1, 8]  \  13
[5, 6, 3, 8, 1]  \  13
[2, 5, 1, 7, 3]  \  18
[5, 8, 7, 10, 6]  \  0
[1, 10, 2, 5, 7]  \  11
[1, 7, 5, 10, 2]  \  11
[2, 5, 1, 7, 3]  \  18
[5, 8, 7, 10, 6]  \  0
[5, 7, 10, 3, 2]  \  9
[3, 10, 2, 7, 5]  \  9
[2, 5, 1, 7, 3]  \  18
[5, 8, 7, 10, 6]  \  0
[3, 7, 5, 10, 6]  \  5
[3, 10, 5, 6, 7]  \  5
[2, 5, 1, 7, 3]  \  18
[5, 8, 7, 10, 6]  \  0
[5, 3, 8, 6, 7]  \  7
[7, 5, 6, 3, 8]  \  7
[2, 5, 1, 7, 3]  \  18
[5, 8, 7, 10, 6]  \  0
[7, 10, 6, 3, 5]  \  5
[5, 7, 6, 3, 10]  \  5
[2, 5, 1, 7, 3]  \  18
[5, 8, 7, 10, 6]  \  0
[3, 7, 1, 8, 5]  \  12
[1, 8, 3, 7, 5]  \  12
[2, 5, 1, 7, 3]  \  18
[5, 8, 7, 10, 6]  \  0
[3, 7, 1, 8, 5]  \  12
[3, 8, 1, 7, 5]  \  12
[2, 5, 1, 7, 3]  \  18
[5, 8, 7, 10, 6]  \  0
[3, 8, 6, 5, 10]  \  4
[5, 10, 3, 8, 6]  \  4
[2, 5, 1, 7, 3]  \  18
[5, 8, 7, 10, 6]  \  0
[1, 8, 5, 7, 2]  \  13
[1, 5, 2, 7, 8]  \  13
[2, 5, 1, 7, 3]  \  18
[5, 8, 7, 10, 6]  \  0
[7, 5, 8, 3, 10]  \  3
[5, 10, 3, 8, 7]  \  3
[2, 5, 1, 7, 3]  \  18
[5, 8, 7, 10, 6]  \  0
[7, 6, 1, 8, 2]  \  12
[1, 6, 2, 8, 7]  \  12
[2, 5, 1, 7, 3]  \  18
[5, 8, 7, 10, 6]  \  0
[7, 10, 5, 8, 6]  \  0
[7, 8, 10, 5, 6]  \  0
[2, 5, 1, 7, 3]  \  18
[7, 8, 10, 5, 6]  \  0
[3, 10, 1, 6, 5]  \  11
[3, 6, 10, 1, 5]  \  11
[2, 5, 1, 7, 3]  \  18
[7, 8, 10, 5, 6]  \  0
[5, 7, 6, 3, 8]  \  7
[7, 5, 8, 6, 3]  \  7
[2, 5, 1, 7, 3]  \  18
[7, 8, 10, 5, 6]  \  0
[3, 5, 2, 8, 7]  \  11
[2, 5, 3, 7, 8]  \  11
[2, 5, 1, 7, 3]  \  18
[7, 8, 10, 5, 6]  \  0
[5, 10, 1, 7, 2]  \  11
[7, 5, 10, 1, 2]  \  11
[2, 5, 1, 7, 3]  \  18
[7, 8, 10, 5, 6]  \  0
[2, 5, 7, 8, 10]  \  4
[5, 8, 7, 2, 10]  \  4
[2, 5, 1, 7, 3]  \  18
[7, 8, 10, 5, 6]  \  0
[2, 5, 3, 8, 1]  \  17
[2, 8, 1, 3, 5]  \  17
[2, 5, 1, 7, 3]  \  18
[7, 8, 10, 5, 6]  \  0
[7, 8, 10, 1, 6]  \  4
[7, 10, 1, 6, 8]  \  4
[2, 5, 1, 7, 3]  \  18
[7, 8, 10, 5, 6]  \  0
[1, 10, 5, 8, 2]  \  10
[2, 5, 8, 10, 1]  \  10
[2, 5, 1, 7, 3]  \  18
[7, 8, 10, 5, 6]  \  0
[1, 10, 5, 7, 8]  \  5
[1, 10, 7, 8, 5]  \  5
[2, 5, 1, 7, 3]  \  18
[7, 8, 10, 5, 6]  \  0
[7, 5, 3, 6, 8]  \  7
[5, 8, 3, 7, 6]  \  7
[2, 5, 1, 7, 3]  \  18
[7, 8, 10, 5, 6]  \  0
[7, 6, 1, 5, 10]  \  7
[5, 6, 1, 10, 7]  \  7
[2, 5, 1, 7, 3]  \  18
[7, 8, 10, 5, 6]  \  0
[7, 8, 3, 1, 5]  \  12
[1, 7, 5, 8, 3]  \  12
[2, 5, 1, 7, 3]  \  18
[7, 8, 10, 5, 6]  \  0
[3, 8, 10, 2, 5]  \  8
[2, 5, 8, 3, 10]  \  8
[2, 5, 1, 7, 3]  \  18
[7, 8, 10, 5, 6]  \  0
[5, 8, 2, 10, 6]  \  5
[2, 6, 5, 10, 8]  \  5
[2, 5, 1, 7, 3]  \  18
[7, 8, 10, 5, 6]  \  0
[1, 10, 7, 5, 2]  \  11
[1, 10, 7, 5, 2]  \  11
[2, 5, 1, 7, 3]  \  18
[7, 8, 10, 5, 6]  \  0
[3, 8, 7, 5, 1]  \  12
[5, 8, 7, 3, 1]  \  12
[2, 5, 1, 7, 3]  \  18
[7, 8, 10, 5, 6]  \  0
[5, 10, 7, 1, 6]  \  7
[5, 10, 1, 7, 6]  \  7
[2, 5, 1, 7, 3]  \  18
[7, 8, 10, 5, 6]  \  0
[7, 10, 5, 6, 1]  \  7
[1, 6, 5, 7, 10]  \  7
[2, 5, 1, 7, 3]  \  18
[7, 8, 10, 5, 6]  \  0
[1, 10, 6, 5, 2]  \  12
[5, 6, 1, 2, 10]  \  12
[2, 5, 1, 7, 3]  \  18
[7, 8, 10, 5, 6]  \  0
[7, 6, 2, 5, 10]  \  6
[7, 6, 5, 10, 2]  \  6
[2, 5, 1, 7, 3]  \  18
[7, 8, 10, 5, 6]  \  0
[5, 10, 6, 2, 1]  \  12
[1, 10, 2, 6, 5]  \  12
[2, 5, 1, 7, 3]  \  18
[7, 8, 10, 5, 6]  \  0
[7, 6, 2, 8, 3]  \  10
[2, 6, 3, 8, 7]  \  10
[2, 5, 1, 7, 3]  \  18
[7, 8, 10, 5, 6]  \  0
[7, 5, 3, 2, 8]  \  11
[2, 8, 3, 7, 5]  \  11
[2, 5, 1, 7, 3]  \  18
[7, 8, 10, 5, 6]  \  0
[7, 10, 5, 2, 8]  \  4
[5, 8, 2, 10, 7]  \  4
[2, 5, 1, 7, 3]  \  18
[7, 8, 10, 5, 6]  \  0
[7, 5, 6, 1, 10]  \  7
[5, 7, 10, 6, 1]  \  7
[2, 5, 1, 7, 3]  \  18
[7, 8, 10, 5, 6]  \  0
[1, 10, 3, 6, 2]  \  14
[1, 10, 2, 6, 3]  \  14
[2, 5, 1, 7, 3]  \  18
[7, 8, 10, 5, 6]  \  0
[1, 5, 2, 10, 6]  \  12
[2, 10, 1, 6, 5]  \  12
[2, 5, 1, 7, 3]  \  18
[7, 8, 10, 5, 6]  \  0
[1, 7, 6, 3, 10]  \  9
[7, 6, 3, 10, 1]  \  9
[2, 5, 1, 7, 3]  \  18
[7, 8, 10, 5, 6]  \  0
[1, 6, 7, 3, 5]  \  14
[1, 7, 5, 6, 3]  \  14
[2, 5, 1, 7, 3]  \  18
[7, 8, 10, 5, 6]  \  0
[1, 5, 7, 10, 3]  \  10
[3, 5, 1, 10, 7]  \  10
[2, 5, 1, 7, 3]  \  18
[7, 8, 10, 5, 6]  \  0
[7, 5, 1, 8, 10]  \  5
[7, 10, 5, 8, 1]  \  5
[2, 5, 1, 7, 3]  \  18
[7, 8, 10, 5, 6]  \  0
[1, 8, 7, 5, 3]  \  12
[3, 7, 1, 5, 8]  \  12
[2, 5, 1, 7, 3]  \  18
[7, 8, 10, 5, 6]  \  0
[1, 10, 3, 6, 5]  \  11
[3, 10, 1, 6, 5]  \  11
[2, 5, 1, 7, 3]  \  18
[7, 8, 10, 5, 6]  \  0
[5, 1, 10, 7, 8]  \  5
[5, 10, 1, 8, 7]  \  5
[2, 5, 1, 7, 3]  \  18
[7, 8, 10, 5, 6]  \  0
[7, 10, 5, 8, 6]  \  0
[5, 8, 7, 6, 10]  \  0
[2, 5, 1, 7, 3]  \  18
[5, 8, 7, 6, 10]  \  0
[1, 10, 8, 7, 3]  \  7
[7, 1, 3, 8, 10]  \  7
[2, 5, 1, 7, 3]  \  18
[5, 8, 7, 6, 10]  \  0
[5, 8, 7, 1, 10]  \  5
[1, 8, 5, 10, 7]  \  5
[2, 5, 1, 7, 3]  \  18
[5, 8, 7, 6, 10]  \  0
[3, 10, 7, 6, 2]  \  8
[7, 6, 3, 2, 10]  \  8
[2, 5, 1, 7, 3]  \  18
[5, 8, 7, 6, 10]  \  0
[3, 10, 7, 5, 6]  \  5
[7, 10, 5, 6, 3]  \  5
[2, 5, 1, 7, 3]  \  18
[5, 8, 7, 6, 10]  \  0
[3, 7, 5, 2, 6]  \  13
[5, 6, 3, 7, 2]  \  13
[2, 5, 1, 7, 3]  \  18
[5, 8, 7, 6, 10]  \  0
[1, 10, 5, 8, 2]  \  10
[5, 8, 2, 1, 10]  \  10
[2, 5, 1, 7, 3]  \  18
[5, 8, 7, 6, 10]  \  0
[1, 8, 5, 7, 10]  \  5
[5, 8, 1, 10, 7]  \  5
[2, 5, 1, 7, 3]  \  18
[5, 8, 7, 6, 10]  \  0
[1, 10, 7, 5, 8]  \  5
[1, 8, 7, 10, 5]  \  5
[2, 5, 1, 7, 3]  \  18
[5, 8, 7, 6, 10]  \  0
[2, 7, 3, 1, 6]  \  17
[2, 7, 1, 6, 3]  \  17
[2, 5, 1, 7, 3]  \  18
[5, 8, 7, 6, 10]  \  0
[7, 10, 5, 3, 6]  \  5
[3, 5, 7, 10, 6]  \  5
[2, 5, 1, 7, 3]  \  18
[5, 8, 7, 6, 10]  \  0
[5, 10, 7, 6, 3]  \  5
[5, 10, 6, 3, 7]  \  5
[2, 5, 1, 7, 3]  \  18
[5, 8, 7, 6, 10]  \  0
[7, 6, 5, 3, 8]  \  7
[5, 7, 8, 3, 6]  \  7
[2, 5, 1, 7, 3]  \  18
[5, 8, 7, 6, 10]  \  0
[5, 6, 1, 8, 10]  \  6
[1, 6, 10, 8, 5]  \  6
[2, 5, 1, 7, 3]  \  18
[5, 8, 7, 6, 10]  \  0
[7, 8, 1, 5, 6]  \  9
[5, 6, 7, 1, 8]  \  9
[2, 5, 1, 7, 3]  \  18
[5, 8, 7, 6, 10]  \  0
[1, 10, 7, 2, 5]  \  11
[7, 10, 2, 5, 1]  \  11
[2, 5, 1, 7, 3]  \  18
[5, 8, 7, 6, 10]  \  0
[3, 8, 7, 1, 6]  \  11
[7, 6, 3, 8, 1]  \  11
[2, 5, 1, 7, 3]  \  18
[5, 8, 7, 6, 10]  \  0
[1, 10, 7, 3, 8]  \  7
[7, 10, 1, 3, 8]  \  7
[2, 5, 1, 7, 3]  \  18
[5, 8, 7, 6, 10]  \  0
[3, 5, 7, 8, 6]  \  7
[3, 8, 7, 5, 6]  \  7
[2, 5, 1, 7, 3]  \  18
[5, 8, 7, 6, 10]  \  0
[1, 6, 5, 8, 3]  \  13
[5, 8, 1, 6, 3]  \  13
[2, 5, 1, 7, 3]  \  18
[5, 8, 7, 6, 10]  \  0
[7, 6, 2, 5, 10]  \  6
[7, 5, 6, 10, 2]  \  6
[2, 5, 1, 7, 3]  \  18
[5, 8, 7, 6, 10]  \  0
[1, 6, 3, 5, 8]  \  13
[3, 8, 5, 6, 1]  \  13
[2, 5, 1, 7, 3]  \  18
[5, 8, 7, 6, 10]  \  0
[1, 7, 3, 6, 5]  \  14
[3, 6, 1, 7, 5]  \  14
[2, 5, 1, 7, 3]  \  18
[5, 8, 7, 6, 10]  \  0
[1, 7, 6, 5, 10]  \  7
[5, 7, 1, 10, 6]  \  7
[2, 5, 1, 7, 3]  \  18
[5, 8, 7, 6, 10]  \  0
[1, 5, 7, 6, 8]  \  9
[1, 6, 5, 8, 7]  \  9
[2, 5, 1, 7, 3]  \  18
[5, 8, 7, 6, 10]  \  0
[5, 8, 3, 7, 6]  \  7
[3, 7, 6, 8, 5]  \  7
[2, 5, 1, 7, 3]  \  18
[5, 8, 7, 6, 10]  \  0
[7, 6, 5, 10, 3]  \  5
[5, 7, 3, 10, 6]  \  5
[2, 5, 1, 7, 3]  \  18
[5, 8, 7, 6, 10]  \  0
[7, 5, 8, 6, 1]  \  9
[7, 5, 6, 1, 8]  \  9
[2, 5, 1, 7, 3]  \  18
[5, 8, 7, 6, 10]  \  0
[3, 8, 7, 1, 6]  \  11
[7, 8, 1, 6, 3]  \  11
[2, 5, 1, 7, 3]  \  18
[5, 8, 7, 6, 10]  \  0
[1, 6, 5, 3, 10]  \  11
[1, 6, 3, 10, 5]  \  11
[2, 5, 1, 7, 3]  \  18
[5, 8, 7, 6, 10]  \  0
[5, 10, 7, 1, 3]  \  10
[1, 5, 3, 10, 7]  \  10
[2, 5, 1, 7, 3]  \  18
[5, 8, 7, 6, 10]  \  0
[3, 5, 8, 10, 6]  \  4
[3, 8, 6, 5, 10]  \  4
[2, 5, 1, 7, 3]  \  18
[5, 8, 7, 6, 10]  \  0
[5, 10, 2, 6, 7]  \  6
[2, 10, 5, 7, 6]  \  6
[2, 5, 1, 7, 3]  \  18
[5, 8, 7, 6, 10]  \  0
[7, 10, 3, 1, 6]  \  9
[1, 10, 7, 6, 3]  \  9
[2, 5, 1, 7, 3]  \  18
[5, 8, 7, 6, 10]  \  0
[7, 5, 1, 10, 3]  \  10
[3, 5, 7, 10, 1]  \  10
[2, 5, 1, 7, 3]  \  18
[5, 8, 7, 6, 10]  \  0
[7, 10, 1, 5, 3]  \  10
[3, 10, 1, 7, 5]  \  10
[2, 5, 1, 7, 3]  \  18
[5, 8, 7, 6, 10]  \  0
[7, 1, 10, 5, 3]  \  10
[1, 7, 3, 5, 10]  \  10
[2, 5, 1, 7, 3]  \  18
[5, 8, 7, 6, 10]  \  0
[5, 6, 7, 2, 8]  \  8
[5, 8, 6, 7, 2]  \  8
[2, 5, 1, 7, 3]  \  18
[5, 8, 7, 6, 10]  \  0
[5, 10, 7, 6, 1]  \  7
[1, 6, 5, 10, 7]  \  7
[2, 5, 1, 7, 3]  \  18
[5, 8, 7, 6, 10]  \  0
[5, 6, 1, 7, 3]  \  14
[1, 6, 5, 7, 3]  \  14
[2, 5, 1, 7, 3]  \  18
[5, 8, 7, 6, 10]  \  0
[3, 8, 7, 1, 10]  \  7
[7, 10, 1, 3, 8]  \  7
[2, 5, 1, 7, 3]  \  18
[5, 8, 7, 6, 10]  \  0
[3, 10, 5, 1, 8]  \  9
[1, 5, 3, 8, 10]  \  9
[2, 5, 1, 7, 3]  \  18
[5, 8, 7, 6, 10]  \  0
[3, 8, 5, 6, 2]  \  12
[3, 8, 5, 2, 6]  \  12
[2, 5, 1, 7, 3]  \  18
[5, 8, 7, 6, 10]  \  0
[1, 10, 2, 7, 8]  \  8
[2, 10, 7, 8, 1]  \  8
[2, 5, 1, 7, 3]  \  18
[5, 8, 7, 6, 10]  \  0
[7, 2, 8, 5, 1]  \  13
[5, 2, 7, 1, 8]  \  13
[2, 5, 1, 7, 3]  \  18
[5, 8, 7, 6, 10]  \  0
[3, 8, 1, 10, 7]  \  7
[1, 8, 7, 10, 3]  \  7
[2, 5, 1, 7, 3]  \  18
[5, 8, 7, 6, 10]  \  0
[7, 10, 1, 6, 8]  \  4
[7, 1, 8, 6, 10]  \  4
[2, 5, 1, 7, 3]  \  18
[5, 8, 7, 6, 10]  \  0
[3, 7, 6, 1, 2]  \  17
[7, 6, 1, 2, 3]  \  17
[2, 5, 1, 7, 3]  \  18
[5, 8, 7, 6, 10]  \  0
[5, 10, 1, 7, 6]  \  7
[7, 5, 1, 10, 6]  \  7
[2, 5, 1, 7, 3]  \  18
[5, 8, 7, 6, 10]  \  0
[2, 10, 1, 8, 3]  \  12
[3, 10, 1, 8, 2]  \  12
[2, 5, 1, 7, 3]  \  18
[5, 8, 7, 6, 10]  \  0
[5, 7, 1, 6, 10]  \  7
[1, 6, 5, 10, 7]  \  7
[2, 5, 1, 7, 3]  \  18
[5, 8, 7, 6, 10]  \  0
[1, 7, 3, 8, 5]  \  12
[3, 8, 5, 7, 1]  \  12
[2, 5, 1, 7, 3]  \  18
[5, 8, 7, 6, 10]  \  0
[2, 10, 5, 7, 1]  \  11
[1, 5, 7, 10, 2]  \  11
[2, 5, 1, 7, 3]  \  18
[5, 8, 7, 6, 10]  \  0
[1, 7, 6, 10, 3]  \  9
[3, 6, 1, 10, 7]  \  9
[2, 5, 1, 7, 3]  \  18
[5, 8, 7, 6, 10]  \  0
[3, 8, 5, 7, 6]  \  7
[5, 8, 3, 6, 7]  \  7
[2, 5, 1, 7, 3]  \  18
[5, 8, 7, 6, 10]  \  0
[2, 5, 10, 1, 6]  \  12
[2, 6, 5, 10, 1]  \  12
[2, 5, 1, 7, 3]  \  18
[5, 8, 7, 6, 10]  \  0
[1, 7, 8, 5, 3]  \  12
[3, 8, 5, 1, 7]  \  12
[2, 5, 1, 7, 3]  \  18
[5, 8, 7, 6, 10]  \  0
[5, 8, 7, 10, 6]  \  0
[5, 8, 7, 6, 10]  \  0
[2, 5, 1, 7, 3]  \  18
[5, 8, 7, 6, 10]  \  0
[7, 6, 1, 3, 8]  \  11
[1, 8, 7, 6, 3]  \  11
[2, 5, 1, 7, 3]  \  18
[5, 8, 7, 6, 10]  \  0
[7, 6, 10, 5, 8]  \  0
[5, 7, 10, 8, 6]  \  0
[2, 5, 1, 7, 3]  \  18
[5, 7, 10, 8, 6]  \  0
[7, 8, 1, 2, 10]  \  8
[1, 10, 2, 8, 7]  \  8
[2, 5, 1, 7, 3]  \  18
[5, 7, 10, 8, 6]  \  0
[1, 7, 8, 3, 5]  \  12
[3, 8, 5, 1, 7]  \  12
[2, 5, 1, 7, 3]  \  18
[5, 7, 10, 8, 6]  \  0
[2, 10, 5, 8, 1]  \  10
[1, 10, 2, 8, 5]  \  10
[2, 5, 1, 7, 3]  \  18
[5, 7, 10, 8, 6]  \  0
[7, 5, 1, 8, 6]  \  9
[7, 8, 1, 5, 6]  \  9
[2, 5, 1, 7, 3]  \  18
[5, 7, 10, 8, 6]  \  0
[5, 6, 1, 7, 2]  \  15
[2, 5, 1, 7, 6]  \  15
[2, 5, 1, 7, 3]  \  18
[5, 7, 10, 8, 6]  \  0
[3, 6, 2, 7, 5]  \  13
[7, 3, 6, 5, 2]  \  13
[2, 5, 1, 7, 3]  \  18
[5, 7, 10, 8, 6]  \  0
[5, 7, 1, 6, 10]  \  7
[7, 6, 5, 10, 1]  \  7
[2, 5, 1, 7, 3]  \  18
[5, 7, 10, 8, 6]  \  0
[1, 10, 7, 8, 5]  \  5
[7, 5, 10, 1, 8]  \  5
[2, 5, 1, 7, 3]  \  18
[5, 7, 10, 8, 6]  \  0
[1, 5, 3, 10, 7]  \  10
[3, 5, 1, 10, 7]  \  10
[2, 5, 1, 7, 3]  \  18
[5, 7, 10, 8, 6]  \  0
[1, 10, 5, 3, 8]  \  9
[5, 10, 3, 1, 8]  \  9
[2, 5, 1, 7, 3]  \  18
[5, 7, 10, 8, 6]  \  0
[7, 10, 5, 8, 3]  \  3
[7, 5, 8, 10, 3]  \  3
[2, 5, 1, 7, 3]  \  18
[5, 7, 10, 8, 6]  \  0
[7, 5, 10, 8, 2]  \  4
[5, 8, 2, 10, 7]  \  4
[2, 5, 1, 7, 3]  \  18
[5, 7, 10, 8, 6]  \  0
[5, 8, 7, 3, 10]  \  3
[5, 10, 7, 3, 8]  \  3
[2, 5, 1, 7, 3]  \  18
[5, 7, 10, 8, 6]  \  0
[1, 7, 5, 10, 3]  \  10
[5, 7, 10, 1, 3]  \  10
[2, 5, 1, 7, 3]  \  18
[5, 7, 10, 8, 6]  \  0
[1, 7, 3, 8, 2]  \  15
[1, 8, 2, 7, 3]  \  15
[2, 5, 1, 7, 3]  \  18
[5, 7, 10, 8, 6]  \  0
[1, 5, 8, 2, 10]  \  10
[1, 8, 5, 2, 10]  \  10
[2, 5, 1, 7, 3]  \  18
[5, 7, 10, 8, 6]  \  0
[2, 8, 3, 7, 10]  \  6
[2, 7, 3, 10, 8]  \  6
[2, 5, 1, 7, 3]  \  18
[5, 7, 10, 8, 6]  \  0
[3, 8, 10, 6, 2]  \  7
[3, 6, 2, 10, 8]  \  7
[2, 5, 1, 7, 3]  \  18
[5, 7, 10, 8, 6]  \  0
[3, 7, 6, 5, 8]  \  7
[7, 8, 3, 6, 5]  \  7
[2, 5, 1, 7, 3]  \  18
[5, 7, 10, 8, 6]  \  0
[5, 8, 3, 7, 10]  \  3
[7, 8, 3, 10, 5]  \  3
[2, 5, 1, 7, 3]  \  18
[5, 7, 10, 8, 6]  \  0
[3, 6, 5, 2, 1]  \  19
[2, 6, 1, 5, 3]  \  19
[2, 6, 1, 5, 3]  \  19
[5, 7, 10, 8, 6]  \  0
[5, 6, 7, 1, 10]  \  7
[5, 7, 10, 6, 1]  \  7
[2, 6, 1, 5, 3]  \  19
[5, 7, 10, 8, 6]  \  0
[6, 10, 3, 7, 1]  \  9
[1, 6, 7, 10, 3]  \  9
[2, 6, 1, 5, 3]  \  19
[5, 7, 10, 8, 6]  \  0
[6, 8, 3, 10, 7]  \  2
[3, 7, 6, 8, 10]  \  2
[2, 6, 1, 5, 3]  \  19
[5, 7, 10, 8, 6]  \  0
[6, 10, 5, 8, 7]  \  0
[6, 8, 7, 5, 10]  \  0
[2, 6, 1, 5, 3]  \  19
[6, 8, 7, 5, 10]  \  0
[3, 8, 6, 5, 10]  \  4
[5, 10, 3, 6, 8]  \  4
[2, 6, 1, 5, 3]  \  19
[6, 8, 7, 5, 10]  \  0
[6, 5, 3, 10, 7]  \  5
[5, 10, 6, 7, 3]  \  5
[2, 6, 1, 5, 3]  \  19
[6, 8, 7, 5, 10]  \  0
[5, 7, 6, 3, 10]  \  5
[3, 10, 5, 6, 7]  \  5
[2, 6, 1, 5, 3]  \  19
[6, 8, 7, 5, 10]  \  0
[5, 7, 2, 3, 10]  \  9
[5, 10, 3, 2, 7]  \  9
[2, 6, 1, 5, 3]  \  19
[6, 8, 7, 5, 10]  \  0
[5, 7, 1, 2, 6]  \  15
[6, 7, 5, 1, 2]  \  15
[2, 6, 1, 5, 3]  \  19
[6, 8, 7, 5, 10]  \  0
[1, 10, 3, 6, 5]  \  11
[1, 10, 3, 5, 6]  \  11
[2, 6, 1, 5, 3]  \  19
[6, 8, 7, 5, 10]  \  0
[6, 10, 1, 8, 3]  \  8
[3, 6, 10, 1, 8]  \  8
[2, 6, 1, 5, 3]  \  19
[6, 8, 7, 5, 10]  \  0
[3, 10, 1, 5, 6]  \  11
[3, 10, 1, 5, 6]  \  11
[2, 6, 1, 5, 3]  \  19
[6, 8, 7, 5, 10]  \  0
[3, 5, 1, 8, 6]  \  13
[3, 6, 5, 1, 8]  \  13
[2, 6, 1, 5, 3]  \  19
[6, 8, 7, 5, 10]  \  0
[2, 7, 3, 10, 8]  \  6
[3, 10, 2, 8, 7]  \  6
[2, 6, 1, 5, 3]  \  19
[6, 8, 7, 5, 10]  \  0
[1, 7, 5, 6, 3]  \  14
[5, 3, 1, 6, 7]  \  14
[2, 6, 1, 5, 3]  \  19
[6, 8, 7, 5, 10]  \  0
[3, 5, 6, 8, 1]  \  13
[1, 8, 5, 6, 3]  \  13
[2, 6, 1, 5, 3]  \  19
[6, 8, 7, 5, 10]  \  0
[1, 5, 7, 8, 3]  \  12
[5, 8, 1, 7, 3]  \  12
[2, 6, 1, 5, 3]  \  19
[6, 8, 7, 5, 10]  \  0
[1, 10, 5, 7, 6]  \  7
[6, 10, 1, 5, 7]  \  7
[2, 6, 1, 5, 3]  \  19
[6, 8, 7, 5, 10]  \  0
[3, 8, 10, 5, 7]  \  3
[5, 8, 3, 10, 7]  \  3
[2, 6, 1, 5, 3]  \  19
[6, 8, 7, 5, 10]  \  0
[6, 8, 3, 1, 5]  \  13
[5, 6, 8, 3, 1]  \  13
[2, 6, 1, 5, 3]  \  19
[6, 8, 7, 5, 10]  \  0
[6, 5, 3, 10, 7]  \  5
[6, 5, 7, 10, 3]  \  5
[2, 6, 1, 5, 3]  \  19
[6, 8, 7, 5, 10]  \  0
[1, 5, 6, 8, 2]  \  14
[2, 5, 1, 8, 6]  \  14
[2, 6, 1, 5, 3]  \  19
[6, 8, 7, 5, 10]  \  0
[3, 5, 1, 8, 7]  \  12
[5, 1, 7, 8, 3]  \  12
[2, 6, 1, 5, 3]  \  19
[6, 8, 7, 5, 10]  \  0
[2, 8, 6, 5, 3]  \  12
[2, 8, 3, 5, 6]  \  12
[2, 6, 1, 5, 3]  \  19
[6, 8, 7, 5, 10]  \  0
[5, 10, 3, 1, 6]  \  11
[3, 5, 6, 10, 1]  \  11
[2, 6, 1, 5, 3]  \  19
[6, 8, 7, 5, 10]  \  0
[5, 8, 6, 10, 2]  \  5
[6, 8, 2, 5, 10]  \  5
[2, 6, 1, 5, 3]  \  19
[6, 8, 7, 5, 10]  \  0
[5, 10, 1, 8, 6]  \  6
[5, 6, 1, 8, 10]  \  6
[2, 6, 1, 5, 3]  \  19
[6, 8, 7, 5, 10]  \  0
[6, 10, 5, 3, 8]  \  4
[3, 10, 6, 8, 5]  \  4
[2, 6, 1, 5, 3]  \  19
[6, 8, 7, 5, 10]  \  0
[3, 8, 6, 5, 2]  \  12
[5, 8, 3, 6, 2]  \  12
[2, 6, 1, 5, 3]  \  19
[6, 8, 7, 5, 10]  \  0
[3, 5, 10, 6, 1]  \  11
[1, 10, 3, 5, 6]  \  11
[2, 6, 1, 5, 3]  \  19
[6, 8, 7, 5, 10]  \  0
[5, 8, 1, 10, 3]  \  9
[5, 8, 1, 10, 3]  \  9
[2, 6, 1, 5, 3]  \  19
[6, 8, 7, 5, 10]  \  0
[5, 8, 10, 3, 2]  \  8
[3, 8, 5, 10, 2]  \  8
[2, 6, 1, 5, 3]  \  19
[6, 8, 7, 5, 10]  \  0
[6, 8, 1, 7, 2]  \  12
[2, 6, 7, 1, 8]  \  12
[2, 6, 1, 5, 3]  \  19
[6, 8, 7, 5, 10]  \  0
[5, 7, 2, 3, 10]  \  9
[5, 7, 3, 10, 2]  \  9
[2, 6, 1, 5, 3]  \  19
[6, 8, 7, 5, 10]  \  0
[3, 7, 5, 8, 1]  \  12
[1, 8, 5, 7, 3]  \  12
[2, 6, 1, 5, 3]  \  19
[6, 8, 7, 5, 10]  \  0
[6, 5, 8, 3, 2]  \  12
[2, 8, 5, 3, 6]  \  12
[2, 6, 1, 5, 3]  \  19
[6, 8, 7, 5, 10]  \  0
[1, 8, 7, 3, 10]  \  7
[1, 7, 10, 3, 8]  \  7
[2, 6, 1, 5, 3]  \  19
[6, 8, 7, 5, 10]  \  0
[6, 7, 1, 5, 2]  \  15
[1, 6, 2, 7, 5]  \  15
[2, 6, 1, 5, 3]  \  19
[6, 8, 7, 5, 10]  \  0
[3, 10, 6, 7, 5]  \  5
[3, 10, 5, 7, 6]  \  5
[2, 6, 1, 5, 3]  \  19
[6, 8, 7, 5, 10]  \  0
[3, 8, 5, 6, 1]  \  13
[5, 8, 3, 1, 6]  \  13
[2, 6, 1, 5, 3]  \  19
[6, 8, 7, 5, 10]  \  0
[2, 10, 6, 7, 8]  \  3
[6, 10, 2, 7, 8]  \  3
[2, 6, 1, 5, 3]  \  19
[6, 8, 7, 5, 10]  \  0
[1, 10, 7, 6, 5]  \  7
[5, 7, 1, 10, 6]  \  7
[2, 6, 1, 5, 3]  \  19
[6, 8, 7, 5, 10]  \  0
[1, 5, 6, 8, 3]  \  13
[1, 5, 3, 8, 6]  \  13
[2, 6, 1, 5, 3]  \  19
[6, 8, 7, 5, 10]  \  0
[3, 8, 5, 1, 7]  \  12
[1, 7, 5, 8, 3]  \  12
[2, 6, 1, 5, 3]  \  19
[6, 8, 7, 5, 10]  \  0
[6, 7, 5, 8, 2]  \  8
[5, 6, 8, 2, 7]  \  8
[2, 6, 1, 5, 3]  \  19
[6, 8, 7, 5, 10]  \  0
[3, 6, 5, 10, 8]  \  4
[6, 8, 10, 3, 5]  \  4
[2, 6, 1, 5, 3]  \  19
[6, 8, 7, 5, 10]  \  0
[1, 8, 6, 5, 10]  \  6
[6, 8, 1, 5, 10]  \  6
[2, 6, 1, 5, 3]  \  19
[6, 8, 7, 5, 10]  \  0
[1, 5, 3, 7, 10]  \  10
[3, 7, 1, 10, 5]  \  10
[2, 6, 1, 5, 3]  \  19
[6, 8, 7, 5, 10]  \  0
[1, 8, 3, 5, 6]  \  13
[6, 8, 1, 5, 3]  \  13
[2, 6, 1, 5, 3]  \  19
[6, 8, 7, 5, 10]  \  0
[1, 7, 5, 3, 10]  \  10
[1, 10, 3, 5, 7]  \  10
[2, 6, 1, 5, 3]  \  19
[6, 8, 7, 5, 10]  \  0
[1, 5, 6, 2, 7]  \  15
[2, 5, 7, 1, 6]  \  15
[2, 6, 1, 5, 3]  \  19
[6, 8, 7, 5, 10]  \  0
[1, 5, 6, 10, 3]  \  11
[5, 10, 6, 3, 1]  \  11
[2, 6, 1, 5, 3]  \  19
[6, 8, 7, 5, 10]  \  0
[2, 7, 5, 3, 8]  \  11
[2, 8, 3, 7, 5]  \  11
[2, 6, 1, 5, 3]  \  19
[6, 8, 7, 5, 10]  \  0
[2, 6, 1, 5, 10]  \  12
[5, 10, 6, 1, 2]  \  12
[2, 6, 1, 5, 3]  \  19
[6, 8, 7, 5, 10]  \  0
[3, 5, 8, 7, 10]  \  3
[3, 8, 7, 10, 5]  \  3
[2, 6, 1, 5, 3]  \  19
[6, 8, 7, 5, 10]  \  0
[5, 8, 6, 10, 1]  \  6
[1, 10, 6, 5, 8]  \  6
[2, 6, 1, 5, 3]  \  19
[6, 8, 7, 5, 10]  \  0
[2, 6, 3, 8, 10]  \  7
[3, 6, 10, 8, 2]  \  7
[2, 6, 1, 5, 3]  \  19
[6, 8, 7, 5, 10]  \  0
[3, 6, 1, 5, 8]  \  13
[3, 8, 1, 6, 5]  \  13
[2, 6, 1, 5, 3]  \  19
[6, 8, 7, 5, 10]  \  0
[1, 8, 3, 7, 5]  \  12
[5, 3, 8, 7, 1]  \  12
[2, 6, 1, 5, 3]  \  19
[6, 8, 7, 5, 10]  \  0
[1, 5, 3, 6, 7]  \  14
[3, 5, 6, 7, 1]  \  14
[2, 6, 1, 5, 3]  \  19
[6, 8, 7, 5, 10]  \  0
[6, 7, 3, 5, 2]  \  13
[2, 7, 6, 5, 3]  \  13
[2, 6, 1, 5, 3]  \  19
[6, 8, 7, 5, 10]  \  0
[5, 7, 6, 1, 3]  \  14
[3, 5, 6, 7, 1]  \  14
[2, 6, 1, 5, 3]  \  19
[6, 8, 7, 5, 10]  \  0
[6, 10, 1, 7, 8]  \  4
[1, 8, 6, 7, 10]  \  4
[2, 6, 1, 5, 3]  \  19
[6, 8, 7, 5, 10]  \  0
[5, 6, 3, 7, 8]  \  7
[6, 5, 8, 3, 7]  \  7
[2, 6, 1, 5, 3]  \  19
[6, 8, 7, 5, 10]  \  0
[6, 5, 2, 10, 3]  \  10
[2, 10, 3, 5, 6]  \  10
[2, 6, 1, 5, 3]  \  19
[6, 8, 7, 5, 10]  \  0
[6, 8, 1, 2, 10]  \  9
[2, 10, 1, 8, 6]  \  9
[2, 6, 1, 5, 3]  \  19
[6, 8, 7, 5, 10]  \  0
[6, 5, 1, 10, 3]  \  11
[5, 10, 6, 3, 1]  \  11
[2, 6, 1, 5, 3]  \  19
[6, 8, 7, 5, 10]  \  0
[5, 1, 10, 6, 8]  \  6
[1, 10, 5, 8, 6]  \  6
[2, 6, 1, 5, 3]  \  19
[6, 8, 7, 5, 10]  \  0
[3, 6, 8, 5, 7]  \  7
[5, 6, 3, 7, 8]  \  7
[2, 6, 1, 5, 3]  \  19
[6, 8, 7, 5, 10]  \  0
[5, 8, 2, 7, 3]  \  11
[3, 5, 8, 7, 2]  \  11
[2, 6, 1, 5, 3]  \  19
[6, 8, 7, 5, 10]  \  0
[2, 6, 5, 3, 8]  \  12
[3, 5, 2, 6, 8]  \  12
[2, 6, 1, 5, 3]  \  19
[6, 8, 7, 5, 10]  \  0
[6, 5, 8, 1, 2]  \  14
[1, 5, 2, 8, 6]  \  14
[2, 6, 1, 5, 3]  \  19
[6, 8, 7, 5, 10]  \  0
[5, 8, 3, 6, 7]  \  7
[6, 7, 3, 8, 5]  \  7
[2, 6, 1, 5, 3]  \  19
[6, 8, 7, 5, 10]  \  0
[5, 7, 8, 1, 10]  \  5
[1, 7, 5, 10, 8]  \  5
[2, 6, 1, 5, 3]  \  19
[6, 8, 7, 5, 10]  \  0
[2, 5, 3, 10, 6]  \  10
[5, 6, 10, 2, 3]  \  10
[2, 6, 1, 5, 3]  \  19
[6, 8, 7, 5, 10]  \  0
[1, 7, 6, 5, 10]  \  7
[6, 10, 1, 5, 7]  \  7
[2, 6, 1, 5, 3]  \  19
[6, 8, 7, 5, 10]  \  0
[6, 8, 3, 2, 7]  \  10
[6, 8, 3, 2, 7]  \  10
[2, 6, 1, 5, 3]  \  19
[6, 8, 7, 5, 10]  \  0
[1, 5, 10, 6, 3]  \  11
[6, 5, 1, 10, 3]  \  11
[2, 6, 1, 5, 3]  \  19
[6, 8, 7, 5, 10]  \  0
[1, 5, 3, 7, 10]  \  10
[3, 5, 7, 1, 10]  \  10
[2, 6, 1, 5, 3]  \  19
[6, 8, 7, 5, 10]  \  0
[6, 5, 8, 10, 1]  \  6
[5, 8, 1, 10, 6]  \  6
[2, 6, 1, 5, 3]  \  19
[6, 8, 7, 5, 10]  \  0
[5, 10, 7, 3, 6]  \  5
[6, 10, 5, 3, 7]  \  5
[2, 6, 1, 5, 3]  \  19
[6, 8, 7, 5, 10]  \  0
[6, 10, 3, 5, 8]  \  4
[3, 8, 6, 5, 10]  \  4
[2, 6, 1, 5, 3]  \  19
[6, 8, 7, 5, 10]  \  0
[3, 6, 8, 5, 10]  \  4
[3, 8, 10, 5, 6]  \  4
[2, 6, 1, 5, 3]  \  19
[6, 8, 7, 5, 10]  \  0
[1, 5, 6, 3, 8]  \  13
[3, 5, 6, 8, 1]  \  13
[2, 6, 1, 5, 3]  \  19
[6, 8, 7, 5, 10]  \  0
[5, 6, 3, 1, 10]  \  11
[1, 6, 5, 10, 3]  \  11
[2, 6, 1, 5, 3]  \  19
[6, 8, 7, 5, 10]  \  0
[5, 7, 3, 2, 6]  \  13
[6, 7, 5, 2, 3]  \  13
[2, 6, 1, 5, 3]  \  19
[6, 8, 7, 5, 10]  \  0
[2, 7, 3, 1, 5]  \  18
[1, 7, 2, 5, 3]  \  18
[2, 6, 1, 5, 3]  \  19
[6, 8, 7, 5, 10]  \  0
[3, 10, 6, 5, 2]  \  10
[3, 10, 5, 6, 2]  \  10
[2, 6, 1, 5, 3]  \  19
[6, 8, 7, 5, 10]  \  0
[3, 8, 2, 7, 6]  \  10
[2, 7, 6, 8, 3]  \  10
[2, 6, 1, 5, 3]  \  19
[6, 8, 7, 5, 10]  \  0
[5, 7, 3, 6, 10]  \  5
[6, 5, 3, 10, 7]  \  5
[2, 6, 1, 5, 3]  \  19
[6, 8, 7, 5, 10]  \  0
[5, 8, 3, 1, 7]  \  12
[3, 7, 1, 8, 5]  \  12
[2, 6, 1, 5, 3]  \  19
[6, 8, 7, 5, 10]  \  0
[1, 8, 6, 5, 3]  \  13
[1, 5, 3, 8, 6]  \  13
[2, 6, 1, 5, 3]  \  19
[6, 8, 7, 5, 10]  \  0
[6, 10, 8, 5, 7]  \  0
[6, 5, 7, 10, 8]  \  0
[2, 6, 1, 5, 3]  \  19
[6, 5, 7, 10, 8]  \  0
[2, 10, 5, 6, 8]  \  5
[6, 10, 8, 5, 2]  \  5
[2, 6, 1, 5, 3]  \  19
[6, 5, 7, 10, 8]  \  0
[3, 8, 6, 7, 5]  \  7
[5, 6, 8, 3, 7]  \  7
[2, 6, 1, 5, 3]  \  19
[6, 5, 7, 10, 8]  \  0
[5, 8, 1, 7, 3]  \  12
[1, 7, 5, 3, 8]  \  12
[2, 6, 1, 5, 3]  \  19
[6, 5, 7, 10, 8]  \  0
[5, 8, 1, 6, 3]  \  13
[6, 5, 3, 8, 1]  \  13
[2, 6, 1, 5, 3]  \  19
[6, 5, 7, 10, 8]  \  0
[5, 8, 10, 6, 1]  \  6
[6, 8, 1, 5, 10]  \  6
[2, 6, 1, 5, 3]  \  19
[6, 5, 7, 10, 8]  \  0
[1, 7, 6, 5, 3]  \  14
[3, 6, 1, 7, 5]  \  14
[2, 6, 1, 5, 3]  \  19
[6, 5, 7, 10, 8]  \  0
[1, 7, 6, 10, 5]  \  7
[6, 5, 1, 7, 10]  \  7
[2, 6, 1, 5, 3]  \  19
[6, 5, 7, 10, 8]  \  0
[1, 5, 6, 2, 7]  \  15
[5, 6, 1, 7, 2]  \  15
[2, 6, 1, 5, 3]  \  19
[6, 5, 7, 10, 8]  \  0
[6, 8, 3, 5, 10]  \  4
[6, 10, 3, 5, 8]  \  4
[2, 6, 1, 5, 3]  \  19
[6, 5, 7, 10, 8]  \  0
[5, 10, 1, 7, 3]  \  10
[1, 7, 3, 10, 5]  \  10
[2, 6, 1, 5, 3]  \  19
[6, 5, 7, 10, 8]  \  0
[5, 6, 7, 1, 8]  \  9
[6, 8, 1, 5, 7]  \  9
[2, 6, 1, 5, 3]  \  19
[6, 5, 7, 10, 8]  \  0
[6, 5, 3, 8, 2]  \  12
[5, 6, 8, 3, 2]  \  12
[2, 6, 1, 5, 3]  \  19
[6, 5, 7, 10, 8]  \  0
[1, 8, 6, 5, 7]  \  9
[5, 8, 1, 7, 6]  \  9
[2, 6, 1, 5, 3]  \  19
[6, 5, 7, 10, 8]  \  0
[1, 7, 6, 5, 8]  \  9
[5, 8, 6, 7, 1]  \  9
[2, 6, 1, 5, 3]  \  19
[6, 5, 7, 10, 8]  \  0
[6, 10, 2, 8, 5]  \  5
[6, 10, 8, 2, 5]  \  5
[2, 6, 1, 5, 3]  \  19
[6, 5, 7, 10, 8]  \  0
[3, 8, 1, 5, 7]  \  12
[3, 7, 5, 8, 1]  \  12
[2, 6, 1, 5, 3]  \  19
[6, 5, 7, 10, 8]  \  0
[1, 8, 6, 7, 10]  \  4
[1, 7, 10, 6, 8]  \  4
[2, 6, 1, 5, 3]  \  19
[6, 5, 7, 10, 8]  \  0
[3, 6, 10, 1, 7]  \  9
[6, 7, 1, 3, 10]  \  9
[2, 6, 1, 5, 3]  \  19
[6, 5, 7, 10, 8]  \  0
[3, 6, 5, 7, 1]  \  14
[6, 7, 5, 3, 1]  \  14
[2, 6, 1, 5, 3]  \  19
[6, 5, 7, 10, 8]  \  0
[3, 7, 5, 6, 10]  \  5
[3, 7, 6, 5, 10]  \  5
[2, 6, 1, 5, 3]  \  19
[6, 5, 7, 10, 8]  \  0
[5, 7, 6, 8, 2]  \  8
[6, 7, 2, 5, 8]  \  8
[2, 6, 1, 5, 3]  \  19
[6, 5, 7, 10, 8]  \  0
[2, 7, 1, 8, 5]  \  13
[1, 7, 2, 8, 5]  \  13
[2, 6, 1, 5, 3]  \  19
[6, 5, 7, 10, 8]  \  0
[3, 5, 6, 8, 7]  \  7
[3, 7, 6, 5, 8]  \  7
[2, 6, 1, 5, 3]  \  19
[6, 5, 7, 10, 8]  \  0
[3, 8, 6, 1, 7]  \  11
[1, 7, 3, 8, 6]  \  11
[2, 6, 1, 5, 3]  \  19
[6, 5, 7, 10, 8]  \  0
[5, 10, 3, 6, 7]  \  5
[3, 5, 7, 6, 10]  \  5
[2, 6, 1, 5, 3]  \  19
[6, 5, 7, 10, 8]  \  0
[2, 10, 6, 7, 8]  \  3
[6, 8, 2, 10, 7]  \  3
[2, 6, 1, 5, 3]  \  19
[6, 5, 7, 10, 8]  \  0
[5, 6, 1, 7, 3]  \  14
[3, 5, 1, 6, 7]  \  14
[2, 6, 1, 5, 3]  \  19
[6, 5, 7, 10, 8]  \  0
[1, 10, 6, 5, 2]  \  12
[2, 10, 6, 5, 1]  \  12
[2, 6, 1, 5, 3]  \  19
[6, 5, 7, 10, 8]  \  0
[2, 10, 5, 8, 6]  \  5
[2, 5, 6, 10, 8]  \  5
[2, 6, 1, 5, 3]  \  19
[6, 5, 7, 10, 8]  \  0
[1, 8, 3, 5, 2]  \  17
[2, 8, 1, 3, 5]  \  17
[2, 6, 1, 5, 3]  \  19
[6, 5, 7, 10, 8]  \  0
[3, 5, 8, 6, 7]  \  7
[3, 6, 8, 7, 5]  \  7
[2, 6, 1, 5, 3]  \  19
[6, 5, 7, 10, 8]  \  0
[1, 5, 3, 7, 10]  \  10
[1, 7, 5, 3, 10]  \  10
[2, 6, 1, 5, 3]  \  19
[6, 5, 7, 10, 8]  \  0
[5, 3, 8, 2, 1]  \  17
[5, 8, 3, 2, 1]  \  17
[2, 6, 1, 5, 3]  \  19
[6, 5, 7, 10, 8]  \  0
[1, 10, 5, 6, 8]  \  6
[5, 10, 6, 8, 1]  \  6
[2, 6, 1, 5, 3]  \  19
[6, 5, 7, 10, 8]  \  0
[1, 8, 6, 10, 2]  \  9
[6, 10, 1, 8, 2]  \  9
[2, 6, 1, 5, 3]  \  19
[6, 5, 7, 10, 8]  \  0
[5, 10, 6, 8, 1]  \  6
[6, 5, 10, 1, 8]  \  6
[2, 6, 1, 5, 3]  \  19
[6, 5, 7, 10, 8]  \  0
[5, 10, 1, 8, 3]  \  9
[3, 10, 1, 8, 5]  \  9
[2, 6, 1, 5, 3]  \  19
[6, 5, 7, 10, 8]  \  0
[2, 7, 5, 10, 8]  \  4
[5, 10, 2, 8, 7]  \  4
[2, 6, 1, 5, 3]  \  19
[6, 5, 7, 10, 8]  \  0
[1, 8, 5, 6, 7]  \  9
[1, 8, 6, 7, 5]  \  9
[2, 6, 1, 5, 3]  \  19
[6, 5, 7, 10, 8]  \  0
[6, 5, 3, 8, 10]  \  4
[3, 10, 6, 5, 8]  \  4
[2, 6, 1, 5, 3]  \  19
[6, 5, 7, 10, 8]  \  0
[5, 7, 2, 6, 1]  \  15
[6, 5, 7, 1, 2]  \  15
[2, 6, 1, 5, 3]  \  19
[6, 5, 7, 10, 8]  \  0
[6, 5, 3, 1, 10]  \  11
[6, 10, 1, 5, 3]  \  11
[2, 6, 1, 5, 3]  \  19
[6, 5, 7, 10, 8]  \  0
[1, 10, 5, 7, 8]  \  5
[1, 8, 10, 5, 7]  \  5
[2, 6, 1, 5, 3]  \  19
[6, 5, 7, 10, 8]  \  0
[3, 5, 10, 1, 7]  \  10
[5, 7, 10, 3, 1]  \  10
[2, 6, 1, 5, 3]  \  19
[6, 5, 7, 10, 8]  \  0
[3, 5, 6, 1, 8]  \  13
[1, 8, 5, 3, 6]  \  13
[2, 6, 1, 5, 3]  \  19
[6, 5, 7, 10, 8]  \  0
[2, 8, 1, 5, 6]  \  14
[5, 8, 6, 1, 2]  \  14
[2, 6, 1, 5, 3]  \  19
[6, 5, 7, 10, 8]  \  0
[6, 8, 5, 10, 3]  \  4
[6, 10, 5, 8, 3]  \  4
[2, 6, 1, 5, 3]  \  19
[6, 5, 7, 10, 8]  \  0
[3, 8, 6, 1, 10]  \  8
[1, 10, 6, 3, 8]  \  8
[2, 6, 1, 5, 3]  \  19
[6, 5, 7, 10, 8]  \  0
[1, 7, 3, 2, 6]  \  17
[1, 6, 3, 7, 2]  \  17
[2, 6, 1, 5, 3]  \  19
[6, 5, 7, 10, 8]  \  0
[1, 7, 3, 8, 6]  \  11
[6, 7, 3, 1, 8]  \  11
[2, 6, 1, 5, 3]  \  19
[6, 5, 7, 10, 8]  \  0
[6, 7, 1, 8, 5]  \  9
[1, 7, 6, 8, 5]  \  9
[2, 6, 1, 5, 3]  \  19
[6, 5, 7, 10, 8]  \  0
[2, 6, 8, 5, 3]  \  12
[5, 8, 6, 3, 2]  \  12
[2, 6, 1, 5, 3]  \  19
[6, 5, 7, 10, 8]  \  0
[5, 10, 2, 8, 7]  \  4
[5, 7, 2, 8, 10]  \  4
[2, 6, 1, 5, 3]  \  19
[6, 5, 7, 10, 8]  \  0
[5, 8, 1, 10, 3]  \  9
[1, 8, 3, 10, 5]  \  9
[2, 6, 1, 5, 3]  \  19
[6, 5, 7, 10, 8]  \  0
[5, 7, 6, 10, 8]  \  0
[5, 10, 6, 7, 8]  \  0
[2, 6, 1, 5, 3]  \  19
[5, 10, 6, 7, 8]  \  0
[2, 10, 5, 6, 1]  \  12
[5, 10, 1, 6, 2]  \  12
[2, 6, 1, 5, 3]  \  19
[5, 10, 6, 7, 8]  \  0
[2, 6, 3, 5, 10]  \  10
[2, 10, 3, 5, 6]  \  10
[2, 6, 1, 5, 3]  \  19
[5, 10, 6, 7, 8]  \  0
[5, 10, 1, 2, 7]  \  11
[1, 10, 2, 7, 5]  \  11
[2, 6, 1, 5, 3]  \  19
[5, 10, 6, 7, 8]  \  0
[5, 2, 10, 3, 6]  \  10
[6, 5, 3, 2, 10]  \  10
[2, 6, 1, 5, 3]  \  19
[5, 10, 6, 7, 8]  \  0
[1, 8, 5, 6, 2]  \  14
[2, 8, 5, 6, 1]  \  14
[2, 6, 1, 5, 3]  \  19
[5, 10, 6, 7, 8]  \  0
[6, 7, 1, 8, 3]  \  11
[3, 6, 7, 8, 1]  \  11
[2, 6, 1, 5, 3]  \  19
[5, 10, 6, 7, 8]  \  0
[1, 7, 5, 3, 10]  \  10
[3, 7, 1, 10, 5]  \  10
[2, 6, 1, 5, 3]  \  19
[5, 10, 6, 7, 8]  \  0
[6, 8, 1, 3, 10]  \  8
[1, 8, 3, 10, 6]  \  8
[2, 6, 1, 5, 3]  \  19
[5, 10, 6, 7, 8]  \  0
[3, 8, 2, 6, 5]  \  12
[3, 5, 6, 8, 2]  \  12
[2, 6, 1, 5, 3]  \  19
[5, 10, 6, 7, 8]  \  0
[6, 3, 5, 1, 10]  \  11
[1, 10, 3, 6, 5]  \  11
[2, 6, 1, 5, 3]  \  19
[5, 10, 6, 7, 8]  \  0
[5, 7, 1, 6, 8]  \  9
[6, 8, 5, 1, 7]  \  9
[2, 6, 1, 5, 3]  \  19
[5, 10, 6, 7, 8]  \  0
[2, 8, 6, 1, 10]  \  9
[6, 1, 10, 2, 8]  \  9
[2, 6, 1, 5, 3]  \  19
[5, 10, 6, 7, 8]  \  0
[6, 8, 1, 7, 2]  \  12
[2, 8, 1, 6, 7]  \  12
[2, 6, 1, 5, 3]  \  19
[5, 10, 6, 7, 8]  \  0
[6, 7, 1, 8, 5]  \  9
[5, 7, 6, 1, 8]  \  9
[2, 6, 1, 5, 3]  \  19
[5, 10, 6, 7, 8]  \  0
[6, 5, 3, 10, 2]  \  10
[6, 10, 3, 2, 5]  \  10
[2, 6, 1, 5, 3]  \  19
[5, 10, 6, 7, 8]  \  0
[1, 10, 2, 7, 5]  \  11
[2, 10, 1, 7, 5]  \  11
[2, 6, 1, 5, 3]  \  19
[5, 10, 6, 7, 8]  \  0
[1, 8, 3, 6, 5]  \  13
[5, 8, 1, 6, 3]  \  13
[2, 6, 1, 5, 3]  \  19
[5, 10, 6, 7, 8]  \  0
[6, 7, 3, 1, 8]  \  11
[1, 7, 8, 3, 6]  \  11
[2, 6, 1, 5, 3]  \  19
[5, 10, 6, 7, 8]  \  0
[6, 7, 5, 1, 3]  \  14
[1, 7, 5, 6, 3]  \  14
[2, 6, 1, 5, 3]  \  19
[5, 10, 6, 7, 8]  \  0
[6, 7, 3, 10, 5]  \  5
[3, 10, 6, 5, 7]  \  5
[2, 6, 1, 5, 3]  \  19
[5, 10, 6, 7, 8]  \  0
[2, 5, 10, 3, 8]  \  8
[5, 3, 10, 2, 8]  \  8
[2, 6, 1, 5, 3]  \  19
[5, 10, 6, 7, 8]  \  0
[3, 6, 5, 10, 8]  \  4
[6, 10, 8, 3, 5]  \  4
[2, 6, 1, 5, 3]  \  19
[5, 10, 6, 7, 8]  \  0
[3, 5, 2, 7, 1]  \  18
[3, 5, 2, 7, 1]  \  18
[2, 6, 1, 5, 3]  \  19
[5, 10, 6, 7, 8]  \  0
[6, 10, 5, 8, 1]  \  6
[1, 8, 6, 10, 5]  \  6
[2, 6, 1, 5, 3]  \  19
[5, 10, 6, 7, 8]  \  0
[5, 8, 1, 10, 6]  \  6
[5, 10, 6, 1, 8]  \  6
[2, 6, 1, 5, 3]  \  19
[5, 10, 6, 7, 8]  \  0
[6, 5, 3, 7, 2]  \  13
[2, 6, 5, 7, 3]  \  13
[2, 6, 1, 5, 3]  \  19
[5, 10, 6, 7, 8]  \  0
[3, 7, 1, 10, 6]  \  9
[1, 7, 3, 6, 10]  \  9
[2, 6, 1, 5, 3]  \  19
[5, 10, 6, 7, 8]  \  0
[5, 8, 6, 3, 2]  \  12
[6, 5, 8, 2, 3]  \  12
[2, 6, 1, 5, 3]  \  19
[5, 10, 6, 7, 8]  \  0
[1, 7, 5, 10, 3]  \  10
[3, 10, 1, 7, 5]  \  10
[2, 6, 1, 5, 3]  \  19
[5, 10, 6, 7, 8]  \  0
[5, 8, 6, 3, 7]  \  7
[6, 8, 7, 5, 3]  \  7
[2, 6, 1, 5, 3]  \  19
[5, 10, 6, 7, 8]  \  0
[2, 8, 3, 10, 6]  \  7
[3, 10, 6, 8, 2]  \  7
[2, 6, 1, 5, 3]  \  19
[5, 10, 6, 7, 8]  \  0
[3, 5, 1, 8, 2]  \  17
[3, 5, 2, 8, 1]  \  17
[2, 6, 1, 5, 3]  \  19
[5, 10, 6, 7, 8]  \  0
[5, 10, 6, 8, 1]  \  6
[5, 6, 1, 10, 8]  \  6
[2, 6, 1, 5, 3]  \  19
[5, 10, 6, 7, 8]  \  0
[3, 10, 6, 8, 1]  \  8
[1, 10, 6, 3, 8]  \  8
[2, 6, 1, 5, 3]  \  19
[5, 10, 6, 7, 8]  \  0
[6, 7, 1, 10, 3]  \  9
[6, 7, 3, 10, 1]  \  9
[2, 6, 1, 5, 3]  \  19
[5, 10, 6, 7, 8]  \  0
[2, 10, 6, 5, 1]  \  12
[6, 5, 10, 1, 2]  \  12
[2, 6, 1, 5, 3]  \  19
[5, 10, 6, 7, 8]  \  0
[5, 10, 6, 8, 2]  \  5
[2, 8, 6, 5, 10]  \  5
[2, 6, 1, 5, 3]  \  19
[5, 10, 6, 7, 8]  \  0
[1, 10, 6, 8, 5]  \  6
[6, 1, 10, 5, 8]  \  6
[2, 6, 1, 5, 3]  \  19
[5, 10, 6, 7, 8]  \  0
[6, 8, 5, 7, 3]  \  7
[6, 3, 8, 5, 7]  \  7
[2, 6, 1, 5, 3]  \  19
[5, 10, 6, 7, 8]  \  0
[3, 6, 5, 7, 8]  \  7
[3, 8, 5, 7, 6]  \  7
[2, 6, 1, 5, 3]  \  19
[5, 10, 6, 7, 8]  \  0
[3, 8, 2, 6, 5]  \  12
[2, 5, 6, 8, 3]  \  12
[2, 6, 1, 5, 3]  \  19
[5, 10, 6, 7, 8]  \  0
[6, 5, 1, 7, 2]  \  15
[5, 7, 1, 6, 2]  \  15
[2, 6, 1, 5, 3]  \  19
[5, 10, 6, 7, 8]  \  0
[2, 6, 3, 8, 5]  \  12
[3, 8, 5, 6, 2]  \  12
[2, 6, 1, 5, 3]  \  19
[5, 10, 6, 7, 8]  \  0
[1, 7, 6, 10, 8]  \  4
[1, 7, 6, 10, 8]  \  4
[2, 6, 1, 5, 3]  \  19
[5, 10, 6, 7, 8]  \  0
[1, 7, 2, 8, 5]  \  13
[5, 8, 7, 1, 2]  \  13
[2, 6, 1, 5, 3]  \  19
[5, 10, 6, 7, 8]  \  0
[3, 5, 1, 10, 6]  \  11
[1, 6, 10, 3, 5]  \  11
[2, 6, 1, 5, 3]  \  19
[5, 10, 6, 7, 8]  \  0
[1, 6, 5, 7, 3]  \  14
[3, 6, 5, 7, 1]  \  14
[2, 6, 1, 5, 3]  \  19
[5, 10, 6, 7, 8]  \  0
[6, 10, 2, 7, 5]  \  6
[5, 10, 6, 7, 2]  \  6
[2, 6, 1, 5, 3]  \  19
[5, 10, 6, 7, 8]  \  0
[5, 6, 3, 10, 7]  \  5
[6, 10, 5, 7, 3]  \  5
[2, 6, 1, 5, 3]  \  19
[5, 10, 6, 7, 8]  \  0
[6, 10, 3, 7, 5]  \  5
[3, 7, 5, 6, 10]  \  5
[2, 6, 1, 5, 3]  \  19
[5, 10, 6, 7, 8]  \  0
[5, 7, 3, 6, 10]  \  5
[3, 10, 6, 7, 5]  \  5
[2, 6, 1, 5, 3]  \  19
[5, 10, 6, 7, 8]  \  0
[5, 10, 1, 8, 2]  \  10
[2, 10, 5, 8, 1]  \  10
[2, 6, 1, 5, 3]  \  19
[5, 10, 6, 7, 8]  \  0
[3, 7, 2, 6, 5]  \  13
[3, 6, 2, 5, 7]  \  13
[2, 6, 1, 5, 3]  \  19
[5, 10, 6, 7, 8]  \  0
[5, 6, 1, 8, 10]  \  6
[5, 6, 10, 1, 8]  \  6
[2, 6, 1, 5, 3]  \  19
[5, 10, 6, 7, 8]  \  0
[3, 6, 5, 10, 8]  \  4
[6, 10, 3, 8, 5]  \  4
[2, 6, 1, 5, 3]  \  19
[5, 10, 6, 7, 8]  \  0
[5, 2, 6, 1, 10]  \  12
[6, 10, 5, 2, 1]  \  12
[2, 6, 1, 5, 3]  \  19
[5, 10, 6, 7, 8]  \  0
[3, 8, 1, 6, 2]  \  16
[2, 6, 3, 8, 1]  \  16
[2, 6, 1, 5, 3]  \  19
[5, 10, 6, 7, 8]  \  0
[5, 10, 2, 3, 8]  \  8
[3, 10, 5, 8, 2]  \  8
[2, 6, 1, 5, 3]  \  19
[5, 10, 6, 7, 8]  \  0
[5, 7, 1, 6, 8]  \  9
[1, 7, 5, 6, 8]  \  9
[2, 6, 1, 5, 3]  \  19
[5, 10, 6, 7, 8]  \  0
[3, 5, 6, 1, 8]  \  13
[3, 8, 6, 5, 1]  \  13
[2, 6, 1, 5, 3]  \  19
[5, 10, 6, 7, 8]  \  0
[6, 5, 7, 8, 1]  \  9
[5, 7, 6, 1, 8]  \  9
[2, 6, 1, 5, 3]  \  19
[5, 10, 6, 7, 8]  \  0
[3, 5, 6, 10, 7]  \  5
[3, 7, 5, 6, 10]  \  5
[2, 6, 1, 5, 3]  \  19
[5, 10, 6, 7, 8]  \  0
[1, 7, 5, 6, 2]  \  15
[5, 6, 7, 1, 2]  \  15
[2, 6, 1, 5, 3]  \  19
[5, 10, 6, 7, 8]  \  0
[3, 8, 1, 7, 6]  \  11
[1, 8, 6, 7, 3]  \  11
[2, 6, 1, 5, 3]  \  19
[5, 10, 6, 7, 8]  \  0
[1, 5, 7, 6, 8]  \  9
[6, 7, 1, 8, 5]  \  9
[2, 6, 1, 5, 3]  \  19
[5, 10, 6, 7, 8]  \  0
[1, 10, 6, 7, 3]  \  9
[6, 3, 10, 7, 1]  \  9
[2, 6, 1, 5, 3]  \  19
[5, 10, 6, 7, 8]  \  0
[6, 10, 2, 8, 5]  \  5
[6, 8, 5, 10, 2]  \  5
[2, 6, 1, 5, 3]  \  19
[5, 10, 6, 7, 8]  \  0
[3, 6, 5, 8, 10]  \  4
[5, 10, 6, 3, 8]  \  4
[2, 6, 1, 5, 3]  \  19
[5, 10, 6, 7, 8]  \  0
[3, 5, 1, 8, 10]  \  9
[3, 10, 1, 8, 5]  \  9
[2, 6, 1, 5, 3]  \  19
[5, 10, 6, 7, 8]  \  0
[1, 5, 6, 10, 7]  \  7
[1, 6, 5, 7, 10]  \  7
[2, 6, 1, 5, 3]  \  19
[5, 10, 6, 7, 8]  \  0
[3, 8, 5, 10, 6]  \  4
[5, 6, 3, 8, 10]  \  4
[2, 6, 1, 5, 3]  \  19
[5, 10, 6, 7, 8]  \  0
[5, 10, 8, 6, 7]  \  0
[6, 7, 5, 10, 8]  \  0
[2, 6, 1, 5, 3]  \  19
[6, 7, 5, 10, 8]  \  0
[3, 8, 5, 6, 7]  \  7
[5, 7, 6, 3, 8]  \  7
[2, 6, 1, 5, 3]  \  19
[6, 7, 5, 10, 8]  \  0
[5, 6, 8, 7, 3]  \  7
[6, 8, 7, 3, 5]  \  7
[2, 6, 1, 5, 3]  \  19
[6, 7, 5, 10, 8]  \  0
[5, 6, 1, 7, 10]  \  7
[1, 7, 5, 10, 6]  \  7
[2, 6, 1, 5, 3]  \  19
[6, 7, 5, 10, 8]  \  0
[1, 5, 7, 3, 8]  \  12
[3, 5, 7, 1, 8]  \  12
[2, 6, 1, 5, 3]  \  19
[6, 7, 5, 10, 8]  \  0
[6, 7, 3, 5, 8]  \  7
[5, 8, 6, 7, 3]  \  7
[2, 6, 1, 5, 3]  \  19
[6, 7, 5, 10, 8]  \  0
[3, 6, 7, 10, 2]  \  8
[2, 10, 3, 6, 7]  \  8
[2, 6, 1, 5, 3]  \  19
[6, 7, 5, 10, 8]  \  0
[3, 8, 5, 2, 10]  \  8
[2, 10, 3, 5, 8]  \  8
[2, 6, 1, 5, 3]  \  19
[6, 7, 5, 10, 8]  \  0
[3, 7, 6, 8, 1]  \  11
[3, 8, 1, 7, 6]  \  11
[2, 6, 1, 5, 3]  \  19
[6, 7, 5, 10, 8]  \  0
[3, 10, 5, 7, 1]  \  10
[3, 5, 1, 7, 10]  \  10
[2, 6, 1, 5, 3]  \  19
[6, 7, 5, 10, 8]  \  0
[1, 7, 6, 10, 8]  \  4
[1, 7, 8, 6, 10]  \  4
[2, 6, 1, 5, 3]  \  19
[6, 7, 5, 10, 8]  \  0
[5, 10, 8, 1, 2]  \  10
[2, 10, 1, 8, 5]  \  10
[2, 6, 1, 5, 3]  \  19
[6, 7, 5, 10, 8]  \  0
[3, 5, 10, 7, 2]  \  9
[5, 7, 3, 2, 10]  \  9
[2, 6, 1, 5, 3]  \  19
[6, 7, 5, 10, 8]  \  0
[6, 7, 10, 8, 3]  \  2
[6, 7, 3, 8, 10]  \  2
[2, 6, 1, 5, 3]  \  19
[6, 7, 5, 10, 8]  \  0
[3, 8, 10, 5, 6]  \  4
[6, 10, 3, 5, 8]  \  4
[2, 6, 1, 5, 3]  \  19
[6, 7, 5, 10, 8]  \  0
[3, 5, 2, 6, 8]  \  12
[6, 8, 3, 2, 5]  \  12
[2, 6, 1, 5, 3]  \  19
[6, 7, 5, 10, 8]  \  0
[3, 5, 6, 10, 2]  \  10
[5, 10, 6, 3, 2]  \  10
[2, 6, 1, 5, 3]  \  19
[6, 7, 5, 10, 8]  \  0
[1, 7, 2, 6, 5]  \  15
[1, 6, 5, 7, 2]  \  15
[2, 6, 1, 5, 3]  \  19
[6, 7, 5, 10, 8]  \  0
[6, 7, 1, 8, 5]  \  9
[6, 8, 5, 7, 1]  \  9
[2, 6, 1, 5, 3]  \  19
[6, 7, 5, 10, 8]  \  0
[2, 7, 1, 6, 5]  \  15
[1, 7, 5, 6, 2]  \  15
[2, 6, 1, 5, 3]  \  19
[6, 7, 5, 10, 8]  \  0
[6, 8, 5, 2, 3]  \  12
[6, 5, 3, 8, 2]  \  12
[2, 6, 1, 5, 3]  \  19
[6, 7, 5, 10, 8]  \  0
[2, 5, 8, 6, 7]  \  8
[2, 8, 6, 7, 5]  \  8
[2, 6, 1, 5, 3]  \  19
[6, 7, 5, 10, 8]  \  0
[1, 5, 3, 10, 2]  \  15
[3, 10, 1, 5, 2]  \  15
[2, 6, 1, 5, 3]  \  19
[6, 7, 5, 10, 8]  \  0
[6, 10, 5, 8, 3]  \  4
[3, 6, 5, 10, 8]  \  4
[2, 6, 1, 5, 3]  \  19
[6, 7, 5, 10, 8]  \  0
[1, 10, 3, 7, 6]  \  9
[6, 10, 7, 1, 3]  \  9
[2, 6, 1, 5, 3]  \  19
[6, 7, 5, 10, 8]  \  0
[1, 8, 3, 7, 2]  \  15
[3, 7, 2, 1, 8]  \  15
[2, 6, 1, 5, 3]  \  19
[6, 7, 5, 10, 8]  \  0
[1, 10, 2, 5, 7]  \  11
[2, 7, 5, 10, 1]  \  11
[2, 6, 1, 5, 3]  \  19
[6, 7, 5, 10, 8]  \  0
[5, 8, 1, 7, 6]  \  9
[5, 7, 6, 8, 1]  \  9
[2, 6, 1, 5, 3]  \  19
[6, 7, 5, 10, 8]  \  0
[5, 7, 6, 3, 8]  \  7
[5, 8, 7, 3, 6]  \  7
[2, 6, 1, 5, 3]  \  19
[6, 7, 5, 10, 8]  \  0
[6, 5, 7, 1, 3]  \  14
[6, 5, 3, 7, 1]  \  14
[2, 6, 1, 5, 3]  \  19
[6, 7, 5, 10, 8]  \  0
[5, 6, 3, 10, 1]  \  11
[5, 10, 1, 6, 3]  \  11
[2, 6, 1, 5, 3]  \  19
[6, 7, 5, 10, 8]  \  0
[6, 10, 3, 7, 8]  \  2
[3, 10, 6, 8, 7]  \  2
[2, 6, 1, 5, 3]  \  19
[6, 7, 5, 10, 8]  \  0
[1, 10, 3, 7, 6]  \  9
[1, 7, 6, 10, 3]  \  9
[2, 6, 1, 5, 3]  \  19
[6, 7, 5, 10, 8]  \  0
[2, 8, 1, 5, 10]  \  10
[1, 5, 2, 10, 8]  \  10
[2, 6, 1, 5, 3]  \  19
[6, 7, 5, 10, 8]  \  0
[2, 8, 6, 10, 1]  \  9
[1, 10, 6, 8, 2]  \  9
[2, 6, 1, 5, 3]  \  19
[6, 7, 5, 10, 8]  \  0
[6, 3, 10, 7, 2]  \  8
[6, 10, 3, 7, 2]  \  8
[2, 6, 1, 5, 3]  \  19
[6, 7, 5, 10, 8]  \  0
[6, 7, 5, 10, 3]  \  5
[3, 5, 6, 7, 10]  \  5
[2, 6, 1, 5, 3]  \  19
[6, 7, 5, 10, 8]  \  0
[3, 10, 6, 1, 8]  \  8
[1, 8, 3, 6, 10]  \  8
[2, 6, 1, 5, 3]  \  19
[6, 7, 5, 10, 8]  \  0
[3, 5, 1, 8, 6]  \  13
[6, 3, 8, 5, 1]  \  13
[2, 6, 1, 5, 3]  \  19
[6, 7, 5, 10, 8]  \  0
[5, 7, 1, 6, 3]  \  14
[6, 5, 1, 7, 3]  \  14
[2, 6, 1, 5, 3]  \  19
[6, 7, 5, 10, 8]  \  0
[1, 6, 5, 10, 8]  \  6
[6, 5, 10, 1, 8]  \  6
[2, 6, 1, 5, 3]  \  19
[6, 7, 5, 10, 8]  \  0
[5, 6, 1, 7, 8]  \  9
[5, 8, 1, 7, 6]  \  9
[2, 6, 1, 5, 3]  \  19
[6, 7, 5, 10, 8]  \  0
[1, 5, 6, 10, 8]  \  6
[1, 8, 5, 10, 6]  \  6
[2, 6, 1, 5, 3]  \  19
[6, 7, 5, 10, 8]  \  0
[2, 10, 5, 6, 7]  \  6
[5, 7, 2, 10, 6]  \  6
[2, 6, 1, 5, 3]  \  19
[6, 7, 5, 10, 8]  \  0
[2, 8, 7, 5, 10]  \  4
[2, 8, 5, 7, 10]  \  4
[2, 6, 1, 5, 3]  \  19
[6, 7, 5, 10, 8]  \  0
[1, 10, 5, 3, 6]  \  11
[3, 10, 1, 6, 5]  \  11
[2, 6, 1, 5, 3]  \  19
[6, 7, 5, 10, 8]  \  0
[1, 7, 3, 8, 5]  \  12
[5, 7, 8, 3, 1]  \  12
[2, 6, 1, 5, 3]  \  19
[6, 7, 5, 10, 8]  \  0
[1, 10, 7, 3, 8]  \  7
[1, 7, 10, 3, 8]  \  7
[2, 6, 1, 5, 3]  \  19
[6, 7, 5, 10, 8]  \  0
[3, 5, 2, 7, 6]  \  13
[5, 7, 6, 2, 3]  \  13
[2, 6, 1, 5, 3]  \  19
[6, 7, 5, 10, 8]  \  0
[6, 8, 5, 1, 2]  \  14
[1, 8, 2, 5, 6]  \  14
[2, 6, 1, 5, 3]  \  19
[6, 7, 5, 10, 8]  \  0
[6, 7, 3, 10, 8]  \  2
[3, 7, 10, 6, 8]  \  2
[2, 6, 1, 5, 3]  \  19
[6, 7, 5, 10, 8]  \  0
[1, 5, 7, 10, 6]  \  7
[1, 10, 6, 5, 7]  \  7
[2, 6, 1, 5, 3]  \  19
[6, 7, 5, 10, 8]  \  0
[1, 8, 6, 7, 5]  \  9
[6, 7, 8, 1, 5]  \  9
[2, 6, 1, 5, 3]  \  19
[6, 7, 5, 10, 8]  \  0
[1, 5, 7, 3, 8]  \  12
[5, 8, 1, 7, 3]  \  12
[2, 6, 1, 5, 3]  \  19
[6, 7, 5, 10, 8]  \  0
[5, 6, 2, 7, 10]  \  6
[6, 10, 2, 5, 7]  \  6
[2, 6, 1, 5, 3]  \  19
[6, 7, 5, 10, 8]  \  0
[3, 8, 6, 5, 10]  \  4
[3, 8, 5, 10, 6]  \  4
[2, 6, 1, 5, 3]  \  19
[6, 7, 5, 10, 8]  \  0
[3, 7, 6, 10, 8]  \  2
[3, 7, 6, 8, 10]  \  2
[2, 6, 1, 5, 3]  \  19
[6, 7, 5, 10, 8]  \  0
[1, 8, 10, 3, 2]  \  12
[2, 10, 3, 1, 8]  \  12
[2, 6, 1, 5, 3]  \  19
[6, 7, 5, 10, 8]  \  0
[2, 10, 5, 1, 7]  \  11
[1, 10, 5, 7, 2]  \  11
[2, 6, 1, 5, 3]  \  19
[6, 7, 5, 10, 8]  \  0
[5, 8, 7, 3, 1]  \  12
[1, 5, 7, 3, 8]  \  12
[2, 6, 1, 5, 3]  \  19
[6, 7, 5, 10, 8]  \  0
[6, 8, 5, 3, 10]  \  4
[3, 10, 6, 8, 5]  \  4
[2, 6, 1, 5, 3]  \  19
[6, 7, 5, 10, 8]  \  0
[6, 7, 1, 5, 3]  \  14
[5, 6, 3, 7, 1]  \  14
[2, 6, 1, 5, 3]  \  19
[6, 7, 5, 10, 8]  \  0
[3, 10, 5, 7, 6]  \  5
[3, 10, 6, 7, 5]  \  5
[2, 6, 1, 5, 3]  \  19
[6, 7, 5, 10, 8]  \  0
[5, 8, 6, 1, 10]  \  6
[5, 8, 6, 1, 10]  \  6
[2, 6, 1, 5, 3]  \  19
[6, 7, 5, 10, 8]  \  0
[1, 5, 6, 2, 7]  \  15
[6, 5, 1, 7, 2]  \  15
[2, 6, 1, 5, 3]  \  19
[6, 7, 5, 10, 8]  \  0
[1, 5, 10, 6, 8]  \  6
[6, 10, 5, 8, 1]  \  6
[2, 6, 1, 5, 3]  \  19
[6, 7, 5, 10, 8]  \  0
[6, 10, 5, 8, 1]  \  6
[6, 5, 10, 8, 1]  \  6
[2, 6, 1, 5, 3]  \  19
[6, 7, 5, 10, 8]  \  0
[6, 10, 1, 8, 5]  \  6
[1, 10, 5, 8, 6]  \  6
[2, 6, 1, 5, 3]  \  19
[6, 7, 5, 10, 8]  \  0
[1, 6, 10, 5, 2]  \  12
[1, 5, 10, 2, 6]  \  12
[2, 6, 1, 5, 3]  \  19
[6, 7, 5, 10, 8]  \  0
[1, 10, 3, 8, 6]  \  8
[3, 8, 6, 10, 1]  \  8
[2, 6, 1, 5, 3]  \  19
[6, 7, 5, 10, 8]  \  0
[3, 10, 5, 7, 1]  \  10
[1, 7, 3, 5, 10]  \  10
[2, 6, 1, 5, 3]  \  19
[6, 7, 5, 10, 8]  \  0
[5, 10, 8, 3, 6]  \  4
[6, 8, 3, 10, 5]  \  4
[2, 6, 1, 5, 3]  \  19
[6, 7, 5, 10, 8]  \  0
[5, 2, 10, 1, 7]  \  11
[5, 7, 2, 10, 1]  \  11
[2, 6, 1, 5, 3]  \  19
[6, 7, 5, 10, 8]  \  0
[1, 7, 5, 6, 3]  \  14
[5, 7, 6, 3, 1]  \  14
[2, 6, 1, 5, 3]  \  19
[6, 7, 5, 10, 8]  \  0
[5, 6, 10, 3, 7]  \  5
[6, 10, 3, 7, 5]  \  5
[2, 6, 1, 5, 3]  \  19
[6, 7, 5, 10, 8]  \  0
[5, 10, 2, 8, 6]  \  5
[5, 2, 8, 10, 6]  \  5
[2, 6, 1, 5, 3]  \  19
[6, 7, 5, 10, 8]  \  0
[2, 10, 6, 1, 5]  \  12
[5, 10, 1, 2, 6]  \  12
[2, 6, 1, 5, 3]  \  19
[6, 7, 5, 10, 8]  \  0
[2, 5, 3, 7, 1]  \  18
[2, 7, 3, 5, 1]  \  18
[2, 6, 1, 5, 3]  \  19
[6, 7, 5, 10, 8]  \  0
[6, 5, 3, 10, 1]  \  11
[1, 10, 3, 6, 5]  \  11
[2, 6, 1, 5, 3]  \  19
[6, 7, 5, 10, 8]  \  0
[6, 5, 7, 1, 8]  \  9
[1, 7, 5, 6, 8]  \  9
[2, 6, 1, 5, 3]  \  19
[6, 7, 5, 10, 8]  \  0
[5, 10, 1, 8, 7]  \  5
[5, 10, 1, 7, 8]  \  5
[2, 6, 1, 5, 3]  \  19
[6, 7, 5, 10, 8]  \  0
[5, 7, 6, 10, 8]  \  0
[6, 5, 10, 7, 8]  \  0
[2, 6, 1, 5, 3]  \  19
[6, 5, 10, 7, 8]  \  0
[1, 8, 6, 5, 10]  \  6
[5, 6, 1, 10, 8]  \  6
[2, 6, 1, 5, 3]  \  19
[6, 5, 10, 7, 8]  \  0
[1, 10, 3, 7, 2]  \  13
[1, 7, 2, 10, 3]  \  13
[2, 6, 1, 5, 3]  \  19
[6, 5, 10, 7, 8]  \  0
[1, 5, 3, 10, 2]  \  15
[1, 5, 3, 10, 2]  \  15
[2, 6, 1, 5, 3]  \  19
[6, 5, 10, 7, 8]  \  0
[2, 10, 5, 8, 6]  \  5
[5, 8, 6, 2, 10]  \  5
[2, 6, 1, 5, 3]  \  19
[6, 5, 10, 7, 8]  \  0
[6, 5, 7, 8, 10]  \  0
[6, 7, 5, 8, 10]  \  0
[2, 6, 1, 5, 3]  \  19
[6, 7, 5, 8, 10]  \  0
[3, 7, 1, 6, 10]  \  9
[6, 7, 10, 1, 3]  \  9
[2, 6, 1, 5, 3]  \  19
[6, 7, 5, 8, 10]  \  0
[2, 5, 8, 3, 6]  \  12
[3, 8, 5, 2, 6]  \  12
[2, 6, 1, 5, 3]  \  19
[6, 7, 5, 8, 10]  \  0
[5, 6, 10, 7, 3]  \  5
[6, 7, 3, 10, 5]  \  5
[2, 6, 1, 5, 3]  \  19
[6, 7, 5, 8, 10]  \  0
[2, 10, 1, 8, 5]  \  10
[1, 10, 5, 2, 8]  \  10
[2, 6, 1, 5, 3]  \  19
[6, 7, 5, 8, 10]  \  0
[5, 1, 10, 7, 3]  \  10
[3, 5, 10, 7, 1]  \  10
[2, 6, 1, 5, 3]  \  19
[6, 7, 5, 8, 10]  \  0
[3, 5, 10, 1, 6]  \  11
[6, 10, 5, 3, 1]  \  11
[2, 6, 1, 5, 3]  \  19
[6, 7, 5, 8, 10]  \  0
[6, 7, 3, 10, 5]  \  5
[3, 10, 5, 7, 6]  \  5
[2, 6, 1, 5, 3]  \  19
[6, 7, 5, 8, 10]  \  0
[3, 6, 5, 2, 10]  \  10
[2, 10, 3, 5, 6]  \  10
[2, 6, 1, 5, 3]  \  19
[6, 7, 5, 8, 10]  \  0
[1, 5, 3, 7, 8]  \  12
[3, 8, 1, 7, 5]  \  12
[2, 6, 1, 5, 3]  \  19
[6, 7, 5, 8, 10]  \  0
[5, 10, 3, 8, 2]  \  8
[3, 5, 8, 2, 10]  \  8
[2, 6, 1, 5, 3]  \  19
[6, 7, 5, 8, 10]  \  0
[2, 5, 3, 1, 8]  \  17
[1, 5, 3, 8, 2]  \  17
[2, 6, 1, 5, 3]  \  19
[6, 7, 5, 8, 10]  \  0
[3, 8, 2, 5, 1]  \  17
[3, 5, 1, 8, 2]  \  17
[2, 6, 1, 5, 3]  \  19
[6, 7, 5, 8, 10]  \  0
[3, 10, 1, 8, 7]  \  7
[1, 7, 3, 8, 10]  \  7
[2, 6, 1, 5, 3]  \  19
[6, 7, 5, 8, 10]  \  0
[1, 5, 10, 7, 6]  \  7
[6, 7, 5, 1, 10]  \  7
[2, 6, 1, 5, 3]  \  19
[6, 7, 5, 8, 10]  \  0
[5, 8, 6, 10, 1]  \  6
[5, 8, 6, 10, 1]  \  6
[2, 6, 1, 5, 3]  \  19
[6, 7, 5, 8, 10]  \  0
[6, 8, 5, 7, 1]  \  9
[6, 5, 8, 7, 1]  \  9
[2, 6, 1, 5, 3]  \  19
[6, 7, 5, 8, 10]  \  0
[1, 5, 3, 10, 7]  \  10
[3, 7, 1, 10, 5]  \  10
[2, 6, 1, 5, 3]  \  19
[6, 7, 5, 8, 10]  \  0
[3, 10, 5, 1, 6]  \  11
[6, 5, 1, 10, 3]  \  11
[2, 6, 1, 5, 3]  \  19
[6, 7, 5, 8, 10]  \  0
[3, 10, 2, 6, 5]  \  10
[3, 10, 5, 6, 2]  \  10
[2, 6, 1, 5, 3]  \  19
[6, 7, 5, 8, 10]  \  0
[3, 8, 7, 2, 5]  \  11
[5, 7, 8, 3, 2]  \  11
[2, 6, 1, 5, 3]  \  19
[6, 7, 5, 8, 10]  \  0
[5, 7, 1, 10, 3]  \  10
[5, 10, 1, 7, 3]  \  10
[2, 6, 1, 5, 3]  \  19
[6, 7, 5, 8, 10]  \  0
[6, 8, 3, 7, 2]  \  10
[6, 7, 3, 2, 8]  \  10
[2, 6, 1, 5, 3]  \  19
[6, 7, 5, 8, 10]  \  0
[6, 10, 3, 8, 1]  \  8
[3, 8, 6, 10, 1]  \  8
[2, 6, 1, 5, 3]  \  19
[6, 7, 5, 8, 10]  \  0
[1, 10, 2, 7, 6]  \  10
[1, 7, 6, 10, 2]  \  10
[2, 6, 1, 5, 3]  \  19
[6, 7, 5, 8, 10]  \  0
[3, 5, 7, 6, 1]  \  14
[3, 7, 6, 5, 1]  \  14
[2, 6, 1, 5, 3]  \  19
[6, 7, 5, 8, 10]  \  0
[6, 8, 3, 10, 5]  \  4
[6, 5, 3, 8, 10]  \  4
[2, 6, 1, 5, 3]  \  19
[6, 7, 5, 8, 10]  \  0
[6, 7, 3, 10, 5]  \  5
[5, 7, 3, 10, 6]  \  5
[2, 6, 1, 5, 3]  \  19
[6, 7, 5, 8, 10]  \  0
[6, 8, 1, 5, 10]  \  6
[1, 5, 6, 8, 10]  \  6
[2, 6, 1, 5, 3]  \  19
[6, 7, 5, 8, 10]  \  0
[6, 10, 2, 8, 5]  \  5
[2, 5, 6, 10, 8]  \  5
[2, 6, 1, 5, 3]  \  19
[6, 7, 5, 8, 10]  \  0
[5, 6, 3, 7, 1]  \  14
[5, 3, 7, 1, 6]  \  14
[2, 6, 1, 5, 3]  \  19
[6, 7, 5, 8, 10]  \  0
[6, 7, 1, 8, 5]  \  9
[5, 7, 6, 1, 8]  \  9
[2, 6, 1, 5, 3]  \  19
[6, 7, 5, 8, 10]  \  0
[3, 6, 5, 1, 7]  \  14
[1, 6, 3, 7, 5]  \  14
[2, 6, 1, 5, 3]  \  19
[6, 7, 5, 8, 10]  \  0
[3, 5, 7, 8, 1]  \  12
[5, 8, 1, 3, 7]  \  12
[2, 6, 1, 5, 3]  \  19
[6, 7, 5, 8, 10]  \  0
[6, 7, 10, 1, 5]  \  7
[1, 10, 6, 7, 5]  \  7
[2, 6, 1, 5, 3]  \  19
[6, 7, 5, 8, 10]  \  0
[5, 8, 10, 2, 6]  \  5
[5, 10, 2, 8, 6]  \  5
[2, 6, 1, 5, 3]  \  19
[6, 7, 5, 8, 10]  \  0
[3, 10, 6, 1, 5]  \  11
[3, 10, 1, 6, 5]  \  11
[2, 6, 1, 5, 3]  \  19
[6, 7, 5, 8, 10]  \  0
[5, 8, 6, 10, 1]  \  6
[5, 10, 6, 1, 8]  \  6
[2, 6, 1, 5, 3]  \  19
[6, 7, 5, 8, 10]  \  0
[5, 1, 3, 8, 6]  \  13
[1, 8, 5, 3, 6]  \  13
[2, 6, 1, 5, 3]  \  19
[6, 7, 5, 8, 10]  \  0
[5, 3, 1, 6, 7]  \  14
[5, 6, 3, 7, 1]  \  14
[2, 6, 1, 5, 3]  \  19
[6, 7, 5, 8, 10]  \  0
[3, 5, 1, 7, 8]  \  12
[3, 8, 1, 5, 7]  \  12
[2, 6, 1, 5, 3]  \  19
[6, 7, 5, 8, 10]  \  0
[6, 5, 1, 10, 7]  \  7
[6, 10, 5, 7, 1]  \  7
[2, 6, 1, 5, 3]  \  19
[6, 7, 5, 8, 10]  \  0
[6, 5, 2, 8, 10]  \  5
[5, 8, 6, 2, 10]  \  5
[2, 6, 1, 5, 3]  \  19
[6, 7, 5, 8, 10]  \  0
[1, 10, 3, 7, 5]  \  10
[3, 7, 1, 10, 5]  \  10
[2, 6, 1, 5, 3]  \  19
[6, 7, 5, 8, 10]  \  0
[3, 7, 6, 8, 10]  \  2
[3, 8, 6, 10, 7]  \  2
[2, 6, 1, 5, 3]  \  19
[6, 7, 5, 8, 10]  \  0
[3, 8, 5, 10, 6]  \  4
[3, 8, 6, 10, 5]  \  4
[2, 6, 1, 5, 3]  \  19
[6, 7, 5, 8, 10]  \  0
[6, 5, 3, 7, 8]  \  7
[5, 7, 3, 8, 6]  \  7
[2, 6, 1, 5, 3]  \  19
[6, 7, 5, 8, 10]  \  0
[1, 6, 5, 10, 3]  \  11
[3, 10, 6, 5, 1]  \  11
[2, 6, 1, 5, 3]  \  19
[6, 7, 5, 8, 10]  \  0
[5, 3, 10, 6, 8]  \  4
[5, 8, 3, 10, 6]  \  4
[2, 6, 1, 5, 3]  \  19
[6, 7, 5, 8, 10]  \  0
[1, 10, 7, 5, 6]  \  7
[5, 10, 6, 1, 7]  \  7
[2, 6, 1, 5, 3]  \  19
[6, 7, 5, 8, 10]  \  0
[5, 6, 7, 3, 10]  \  5
[3, 6, 10, 7, 5]  \  5
[2, 6, 1, 5, 3]  \  19
[6, 7, 5, 8, 10]  \  0
[2, 6, 5, 1, 8]  \  14
[2, 5, 1, 8, 6]  \  14
[2, 6, 1, 5, 3]  \  19
[6, 7, 5, 8, 10]  \  0
[5, 7, 2, 6, 10]  \  6
[6, 10, 5, 2, 7]  \  6
[2, 6, 1, 5, 3]  \  19
[6, 7, 5, 8, 10]  \  0
[3, 8, 5, 1, 10]  \  9
[3, 8, 5, 10, 1]  \  9
[2, 6, 1, 5, 3]  \  19
[6, 7, 5, 8, 10]  \  0
[2, 5, 6, 1, 8]  \  14
[2, 6, 5, 1, 8]  \  14
[2, 6, 1, 5, 3]  \  19
[6, 7, 5, 8, 10]  \  0
[6, 7, 2, 5, 1]  \  15
[2, 7, 5, 1, 6]  \  15
[2, 6, 1, 5, 3]  \  19
[6, 7, 5, 8, 10]  \  0
[6, 8, 1, 10, 5]  \  6
[5, 6, 10, 1, 8]  \  6
[2, 6, 1, 5, 3]  \  19
[6, 7, 5, 8, 10]  \  0
[5, 8, 1, 7, 3]  \  12
[1, 8, 3, 7, 5]  \  12
[2, 6, 1, 5, 3]  \  19
[6, 7, 5, 8, 10]  \  0
[5, 8, 1, 7, 6]  \  9
[1, 8, 6, 5, 7]  \  9
[2, 6, 1, 5, 3]  \  19
[6, 7, 5, 8, 10]  \  0
[6, 8, 5, 10, 1]  \  6
[6, 10, 1, 8, 5]  \  6
[2, 6, 1, 5, 3]  \  19
[6, 7, 5, 8, 10]  \  0
[5, 8, 3, 6, 7]  \  7
[3, 7, 5, 8, 6]  \  7
[2, 6, 1, 5, 3]  \  19
[6, 7, 5, 8, 10]  \  0
[6, 8, 1, 5, 2]  \  14
[2, 6, 8, 5, 1]  \  14
[2, 6, 1, 5, 3]  \  19
[6, 7, 5, 8, 10]  \  0
[1, 5, 6, 10, 7]  \  7
[1, 10, 6, 5, 7]  \  7
[2, 6, 1, 5, 3]  \  19
[6, 7, 5, 8, 10]  \  0
[6, 8, 3, 10, 1]  \  8
[3, 10, 1, 8, 6]  \  8
[2, 6, 1, 5, 3]  \  19
[6, 7, 5, 8, 10]  \  0
[5, 8, 3, 10, 1]  \  9
[5, 8, 1, 10, 3]  \  9
[2, 6, 1, 5, 3]  \  19
[6, 7, 5, 8, 10]  \  0
[1, 8, 10, 5, 7]  \  5
[5, 7, 1, 10, 8]  \  5
[2, 6, 1, 5, 3]  \  19
[6, 7, 5, 8, 10]  \  0
[5, 6, 8, 1, 3]  \  13
[5, 8, 3, 1, 6]  \  13
[2, 6, 1, 5, 3]  \  19
[6, 7, 5, 8, 10]  \  0
[1, 10, 5, 7, 2]  \  11
[1, 10, 2, 5, 7]  \  11
[2, 6, 1, 5, 3]  \  19
[6, 7, 5, 8, 10]  \  0
[3, 7, 6, 1, 5]  \  14
[3, 5, 6, 7, 1]  \  14
[2, 6, 1, 5, 3]  \  19
[6, 7, 5, 8, 10]  \  0
[3, 10, 5, 6, 7]  \  5
[5, 10, 6, 7, 3]  \  5
[2, 6, 1, 5, 3]  \  19
[6, 7, 5, 8, 10]  \  0
[3, 6, 5, 10, 1]  \  11
[3, 10, 6, 5, 1]  \  11
[2, 6, 1, 5, 3]  \  19
[6, 7, 5, 8, 10]  \  0
[3, 6, 8, 10, 2]  \  7
[2, 6, 10, 3, 8]  \  7
[2, 6, 1, 5, 3]  \  19
[6, 7, 5, 8, 10]  \  0
[1, 10, 8, 5, 3]  \  9
[3, 8, 5, 10, 1]  \  9
[2, 6, 1, 5, 3]  \  19
[6, 7, 5, 8, 10]  \  0
[6, 5, 3, 8, 7]  \  7
[3, 8, 5, 7, 6]  \  7
[2, 6, 1, 5, 3]  \  19
[6, 7, 5, 8, 10]  \  0
[3, 7, 1, 5, 8]  \  12
[5, 8, 1, 3, 7]  \  12
[2, 6, 1, 5, 3]  \  19
[6, 7, 5, 8, 10]  \  0
[5, 10, 3, 7, 1]  \  10
[3, 5, 10, 1, 7]  \  10
[2, 6, 1, 5, 3]  \  19
[6, 7, 5, 8, 10]  \  0
[2, 5, 6, 7, 3]  \  13
[3, 7, 2, 5, 6]  \  13
[2, 6, 1, 5, 3]  \  19
[6, 7, 5, 8, 10]  \  0
[2, 8, 6, 7, 1]  \  12
[2, 7, 6, 1, 8]  \  12
[2, 6, 1, 5, 3]  \  19
[6, 7, 5, 8, 10]  \  0
[5, 8, 1, 6, 10]  \  6
[5, 8, 6, 1, 10]  \  6
[2, 6, 1, 5, 3]  \  19
[6, 7, 5, 8, 10]  \  0
[5, 7, 6, 2, 3]  \  13
[2, 7, 5, 6, 3]  \  13
[2, 6, 1, 5, 3]  \  19
[6, 7, 5, 8, 10]  \  0
[2, 5, 3, 8, 6]  \  12
[3, 5, 6, 8, 2]  \  12
[2, 6, 1, 5, 3]  \  19
[6, 7, 5, 8, 10]  \  0
[1, 8, 2, 7, 6]  \  12
[1, 8, 6, 7, 2]  \  12
[2, 6, 1, 5, 3]  \  19
[6, 7, 5, 8, 10]  \  0
[1, 10, 5, 7, 3]  \  10
[1, 7, 5, 10, 3]  \  10
[2, 6, 1, 5, 3]  \  19
[6, 7, 5, 8, 10]  \  0
[1, 6, 5, 10, 7]  \  7
[6, 5, 10, 7, 1]  \  7
[2, 6, 1, 5, 3]  \  19
[6, 7, 5, 8, 10]  \  0
[6, 5, 7, 3, 10]  \  5
[6, 10, 5, 3, 7]  \  5
[2, 6, 1, 5, 3]  \  19
[6, 7, 5, 8, 10]  \  0
[5, 10, 1, 6, 7]  \  7
[6, 5, 1, 10, 7]  \  7
[2, 6, 1, 5, 3]  \  19
[6, 7, 5, 8, 10]  \  0
[5, 8, 1, 3, 7]  \  12
[5, 8, 1, 7, 3]  \  12
[2, 6, 1, 5, 3]  \  19
[6, 7, 5, 8, 10]  \  0
[3, 7, 2, 5, 8]  \  11
[5, 8, 2, 3, 7]  \  11
[2, 6, 1, 5, 3]  \  19
[6, 7, 5, 8, 10]  \  0
[3, 5, 6, 8, 7]  \  7
[6, 8, 5, 7, 3]  \  7
[2, 6, 1, 5, 3]  \  19
[6, 7, 5, 8, 10]  \  0
[1, 10, 7, 2, 5]  \  11
[5, 10, 2, 1, 7]  \  11
[2, 6, 1, 5, 3]  \  19
[6, 7, 5, 8, 10]  \  0
[5, 3, 6, 1, 7]  \  14
[1, 5, 3, 6, 7]  \  14
[2, 6, 1, 5, 3]  \  19
[6, 7, 5, 8, 10]  \  0
[3, 7, 6, 5, 8]  \  7
[3, 5, 6, 8, 7]  \  7
[2, 6, 1, 5, 3]  \  19
[6, 7, 5, 8, 10]  \  0
[3, 5, 1, 7, 8]  \  12
[1, 7, 5, 3, 8]  \  12
[2, 6, 1, 5, 3]  \  19
[6, 7, 5, 8, 10]  \  0
[3, 7, 1, 5, 6]  \  14
[3, 7, 6, 5, 1]  \  14
[2, 6, 1, 5, 3]  \  19
[6, 7, 5, 8, 10]  \  0
[6, 10, 3, 5, 1]  \  11
[5, 3, 10, 1, 6]  \  11
[2, 6, 1, 5, 3]  \  19
[6, 7, 5, 8, 10]  \  0
[6, 1, 7, 5, 10]  \  7
[6, 7, 5, 10, 1]  \  7
[2, 6, 1, 5, 3]  \  19
[6, 7, 5, 8, 10]  \  0
[6, 3, 10, 2, 8]  \  7
[3, 10, 2, 6, 8]  \  7
[2, 6, 1, 5, 3]  \  19
[6, 7, 5, 8, 10]  \  0
[3, 7, 10, 2, 8]  \  6
[2, 7, 3, 10, 8]  \  6
[2, 6, 1, 5, 3]  \  19
[6, 7, 5, 8, 10]  \  0
[1, 7, 3, 8, 6]  \  11
[3, 8, 1, 7, 6]  \  11
[2, 6, 1, 5, 3]  \  19
[6, 7, 5, 8, 10]  \  0
[5, 8, 1, 7, 3]  \  12
[3, 7, 8, 5, 1]  \  12
[2, 6, 1, 5, 3]  \  19
[6, 7, 5, 8, 10]  \  0
[2, 8, 5, 6, 7]  \  8
[5, 2, 7, 6, 8]  \  8
[2, 6, 1, 5, 3]  \  19
[6, 7, 5, 8, 10]  \  0
[6, 8, 5, 1, 7]  \  9
[6, 5, 7, 1, 8]  \  9
[2, 6, 1, 5, 3]  \  19
[6, 7, 5, 8, 10]  \  0
[5, 10, 3, 7, 2]  \  9
[3, 10, 5, 7, 2]  \  9
[2, 6, 1, 5, 3]  \  19
[6, 7, 5, 8, 10]  \  0
[3, 6, 8, 7, 5]  \  7
[3, 8, 5, 6, 7]  \  7
[2, 6, 1, 5, 3]  \  19
[6, 7, 5, 8, 10]  \  0
[1, 10, 3, 7, 6]  \  9
[3, 7, 1, 10, 6]  \  9
[2, 6, 1, 5, 3]  \  19
[6, 7, 5, 8, 10]  \  0
[2, 10, 5, 6, 3]  \  10
[5, 10, 6, 2, 3]  \  10
[2, 6, 1, 5, 3]  \  19
[6, 7, 5, 8, 10]  \  0
[1, 7, 6, 3, 5]  \  14
[5, 7, 1, 6, 3]  \  14
[2, 6, 1, 5, 3]  \  19
[6, 7, 5, 8, 10]  \  0
[5, 7, 10, 3, 8]  \  3
[3, 10, 5, 8, 7]  \  3
[2, 6, 1, 5, 3]  \  19
[6, 7, 5, 8, 10]  \  0
[5, 8, 6, 3, 10]  \  4
[5, 8, 3, 10, 6]  \  4
[2, 6, 1, 5, 3]  \  19
[6, 7, 5, 8, 10]  \  0
[6, 8, 1, 5, 3]  \  13
[1, 5, 6, 3, 8]  \  13
[2, 6, 1, 5, 3]  \  19
[6, 7, 5, 8, 10]  \  0
[1, 10, 3, 8, 6]  \  8
[3, 6, 1, 8, 10]  \  8
[2, 6, 1, 5, 3]  \  19
[6, 7, 5, 8, 10]  \  0
[3, 6, 5, 2, 7]  \  13
[6, 7, 5, 3, 2]  \  13
[2, 6, 1, 5, 3]  \  19
[6, 7, 5, 8, 10]  \  0
[1, 10, 3, 6, 7]  \  9
[1, 6, 3, 10, 7]  \  9
[2, 6, 1, 5, 3]  \  19
[6, 7, 5, 8, 10]  \  0
[6, 7, 1, 2, 8]  \  12
[6, 2, 7, 1, 8]  \  12
[2, 6, 1, 5, 3]  \  19
[6, 7, 5, 8, 10]  \  0
[6, 1, 5, 7, 3]  \  14
[6, 5, 7, 3, 1]  \  14
[2, 6, 1, 5, 3]  \  19
[6, 7, 5, 8, 10]  \  0
[6, 10, 1, 8, 3]  \  8
[6, 8, 3, 10, 1]  \  8
[2, 6, 1, 5, 3]  \  19
[6, 7, 5, 8, 10]  \  0
[3, 5, 6, 10, 1]  \  11
[3, 6, 10, 5, 1]  \  11
[2, 6, 1, 5, 3]  \  19
[6, 7, 5, 8, 10]  \  0
[5, 6, 1, 2, 8]  \  14
[1, 5, 2, 6, 8]  \  14
[2, 6, 1, 5, 3]  \  19
[6, 7, 5, 8, 10]  \  0
[6, 7, 2, 10, 1]  \  10
[1, 7, 2, 6, 10]  \  10
[2, 6, 1, 5, 3]  \  19
[6, 7, 5, 8, 10]  \  0
[6, 10, 5, 1, 8]  \  6
[5, 10, 1, 6, 8]  \  6
[2, 6, 1, 5, 3]  \  19
[6, 7, 5, 8, 10]  \  0
[2, 8, 1, 10, 3]  \  12
[2, 10, 3, 8, 1]  \  12
[2, 6, 1, 5, 3]  \  19
[6, 7, 5, 8, 10]  \  0
[6, 10, 2, 7, 5]  \  6
[2, 7, 6, 5, 10]  \  6
[2, 6, 1, 5, 3]  \  19
[6, 7, 5, 8, 10]  \  0
[3, 8, 5, 10, 7]  \  3
[3, 7, 8, 5, 10]  \  3
[2, 6, 1, 5, 3]  \  19
[6, 7, 5, 8, 10]  \  0
[5, 6, 3, 7, 1]  \  14
[1, 7, 5, 6, 3]  \  14
[2, 6, 1, 5, 3]  \  19
[6, 7, 5, 8, 10]  \  0
[1, 6, 5, 10, 2]  \  12
[6, 2, 5, 1, 10]  \  12
[2, 6, 1, 5, 3]  \  19
[6, 7, 5, 8, 10]  \  0
[5, 6, 1, 3, 8]  \  13
[1, 8, 6, 5, 3]  \  13
[2, 6, 1, 5, 3]  \  19
[6, 7, 5, 8, 10]  \  0
[5, 10, 2, 1, 6]  \  12
[2, 10, 5, 1, 6]  \  12
[2, 6, 1, 5, 3]  \  19
[6, 7, 5, 8, 10]  \  0
[1, 5, 8, 10, 7]  \  5
[5, 8, 1, 10, 7]  \  5
[2, 6, 1, 5, 3]  \  19
[6, 7, 5, 8, 10]  \  0
[1, 10, 5, 8, 3]  \  9
[1, 8, 5, 10, 3]  \  9
[2, 6, 1, 5, 3]  \  19
[6, 7, 5, 8, 10]  \  0
[6, 5, 1, 10, 7]  \  7
[6, 7, 5, 1, 10]  \  7
[2, 6, 1, 5, 3]  \  19
[6, 7, 5, 8, 10]  \  0
[6, 7, 3, 8, 5]  \  7
[6, 5, 8, 3, 7]  \  7
[2, 6, 1, 5, 3]  \  19
[6, 7, 5, 8, 10]  \  0
[1, 5, 3, 8, 2]  \  17
[3, 5, 8, 1, 2]  \  17
[2, 6, 1, 5, 3]  \  19
[6, 7, 5, 8, 10]  \  0
[5, 7, 6, 8, 3]  \  7
[5, 7, 6, 3, 8]  \  7
[2, 6, 1, 5, 3]  \  19
[6, 7, 5, 8, 10]  \  0
[6, 7, 1, 8, 10]  \  4
[6, 8, 1, 10, 7]  \  4
[2, 6, 1, 5, 3]  \  19
[6, 7, 5, 8, 10]  \  0
[5, 6, 8, 3, 1]  \  13
[3, 5, 1, 8, 6]  \  13
[2, 6, 1, 5, 3]  \  19
[6, 7, 5, 8, 10]  \  0
[5, 7, 10, 6, 3]  \  5
[5, 6, 3, 7, 10]  \  5
[2, 6, 1, 5, 3]  \  19
[6, 7, 5, 8, 10]  \  0
[3, 6, 5, 1, 10]  \  11
[1, 5, 6, 10, 3]  \  11
[2, 6, 1, 5, 3]  \  19
[6, 7, 5, 8, 10]  \  0
[3, 8, 5, 10, 1]  \  9
[1, 10, 3, 8, 5]  \  9
[2, 6, 1, 5, 3]  \  19
[6, 7, 5, 8, 10]  \  0
[3, 8, 1, 7, 10]  \  7
[3, 8, 7, 1, 10]  \  7
[2, 6, 1, 5, 3]  \  19
[6, 7, 5, 8, 10]  \  0
[3, 5, 6, 1, 7]  \  14
[6, 5, 1, 7, 3]  \  14
[2, 6, 1, 5, 3]  \  19
[6, 7, 5, 8, 10]  \  0
[1, 7, 5, 2, 6]  \  15
[2, 7, 1, 6, 5]  \  15
[2, 6, 1, 5, 3]  \  19
[6, 7, 5, 8, 10]  \  0
[6, 5, 3, 7, 1]  \  14
[6, 7, 5, 1, 3]  \  14
[2, 6, 1, 5, 3]  \  19
[6, 7, 5, 8, 10]  \  0
[5, 6, 7, 2, 10]  \  6
[5, 6, 7, 2, 10]  \  6
[2, 6, 1, 5, 3]  \  19
[6, 7, 5, 8, 10]  \  0
[6, 1, 10, 5, 3]  \  11
[3, 10, 6, 1, 5]  \  11
[2, 6, 1, 5, 3]  \  19
[6, 7, 5, 8, 10]  \  0
[3, 10, 5, 8, 1]  \  9
[1, 5, 8, 3, 10]  \  9
[2, 6, 1, 5, 3]  \  19
[6, 7, 5, 8, 10]  \  0
[6, 5, 3, 8, 7]  \  7
[5, 7, 3, 8, 6]  \  7
[2, 6, 1, 5, 3]  \  19
[6, 7, 5, 8, 10]  \  0
[5, 6, 10, 3, 8]  \  4
[5, 10, 3, 6, 8]  \  4
[2, 6, 1, 5, 3]  \  19
[6, 7, 5, 8, 10]  \  0
[6, 7, 2, 5, 1]  \  15
[6, 5, 7, 1, 2]  \  15
[2, 6, 1, 5, 3]  \  19
[6, 7, 5, 8, 10]  \  0
[5, 7, 6, 10, 1]  \  7
[6, 7, 5, 1, 10]  \  7
[2, 6, 1, 5, 3]  \  19
[6, 7, 5, 8, 10]  \  0
[5, 10, 6, 1, 8]  \  6
[5, 6, 8, 1, 10]  \  6
[2, 6, 1, 5, 3]  \  19
[6, 7, 5, 8, 10]  \  0
[5, 8, 3, 10, 1]  \  9
[3, 10, 1, 8, 5]  \  9
[2, 6, 1, 5, 3]  \  19
[6, 7, 5, 8, 10]  \  0
[5, 10, 7, 1, 3]  \  10
[3, 7, 1, 10, 5]  \  10
[2, 6, 1, 5, 3]  \  19
[6, 7, 5, 8, 10]  \  0
[3, 5, 1, 8, 7]  \  12
[5, 7, 1, 8, 3]  \  12
[2, 6, 1, 5, 3]  \  19
[6, 7, 5, 8, 10]  \  0
[6, 5, 1, 10, 3]  \  11
[3, 5, 1, 6, 10]  \  11
[2, 6, 1, 5, 3]  \  19
[6, 7, 5, 8, 10]  \  0
[3, 5, 1, 8, 10]  \  9
[1, 8, 3, 5, 10]  \  9
[2, 6, 1, 5, 3]  \  19
[6, 7, 5, 8, 10]  \  0
[5, 7, 1, 3, 8]  \  12
[1, 8, 5, 7, 3]  \  12
[2, 6, 1, 5, 3]  \  19
[6, 7, 5, 8, 10]  \  0
[1, 5, 2, 3, 6]  \  19
[1, 5, 2, 6, 3]  \  19
[1, 5, 2, 6, 3]  \  19
[6, 7, 5, 8, 10]  \  0
[2, 7, 6, 3, 10]  \  8
[2, 7, 3, 10, 6]  \  8
[1, 5, 2, 6, 3]  \  19
[6, 7, 5, 8, 10]  \  0
[5, 10, 1, 7, 3]  \  10
[5, 10, 1, 7, 3]  \  10
[1, 5, 2, 6, 3]  \  19
[6, 7, 5, 8, 10]  \  0
[3, 8, 5, 7, 6]  \  7
[5, 6, 3, 8, 7]  \  7
[1, 5, 2, 6, 3]  \  19
[6, 7, 5, 8, 10]  \  0
[1, 7, 6, 2, 5]  \  15
[6, 7, 5, 2, 1]  \  15
[1, 5, 2, 6, 3]  \  19
[6, 7, 5, 8, 10]  \  0
[2, 7, 6, 10, 5]  \  6
[5, 10, 2, 7, 6]  \  6
[1, 5, 2, 6, 3]  \  19
[6, 7, 5, 8, 10]  \  0
[1, 5, 3, 8, 6]  \  13
[3, 5, 1, 6, 8]  \  13
[1, 5, 2, 6, 3]  \  19
[6, 7, 5, 8, 10]  \  0
[6, 5, 10, 8, 2]  \  5
[6, 10, 2, 8, 5]  \  5
[1, 5, 2, 6, 3]  \  19
[6, 7, 5, 8, 10]  \  0
[6, 5, 8, 3, 10]  \  4
[5, 10, 6, 8, 3]  \  4
[1, 5, 2, 6, 3]  \  19
[6, 7, 5, 8, 10]  \  0
[1, 8, 2, 7, 10]  \  8
[2, 7, 10, 1, 8]  \  8
[1, 5, 2, 6, 3]  \  19
[6, 7, 5, 8, 10]  \  0
[6, 1, 10, 5, 8]  \  6
[6, 8, 5, 10, 1]  \  6
[1, 5, 2, 6, 3]  \  19
[6, 7, 5, 8, 10]  \  0
[2, 8, 10, 3, 6]  \  7
[3, 6, 8, 10, 2]  \  7
[1, 5, 2, 6, 3]  \  19
[6, 7, 5, 8, 10]  \  0
[3, 8, 5, 7, 6]  \  7
[6, 7, 3, 8, 5]  \  7
[1, 5, 2, 6, 3]  \  19
[6, 7, 5, 8, 10]  \  0
[2, 5, 3, 10, 6]  \  10
[3, 6, 2, 10, 5]  \  10
[1, 5, 2, 6, 3]  \  19
[6, 7, 5, 8, 10]  \  0
[2, 5, 6, 10, 3]  \  10
[3, 5, 10, 6, 2]  \  10
[1, 5, 2, 6, 3]  \  19
[6, 7, 5, 8, 10]  \  0
[5, 2, 8, 1, 10]  \  10
[1, 8, 5, 2, 10]  \  10
[1, 5, 2, 6, 3]  \  19
[6, 7, 5, 8, 10]  \  0
[6, 8, 7, 5, 3]  \  7
[3, 7, 5, 8, 6]  \  7
[1, 5, 2, 6, 3]  \  19
[6, 7, 5, 8, 10]  \  0
[5, 10, 3, 7, 6]  \  5
[6, 7, 5, 10, 3]  \  5
[1, 5, 2, 6, 3]  \  19
[6, 7, 5, 8, 10]  \  0
[6, 10, 2, 8, 5]  \  5
[2, 5, 6, 10, 8]  \  5
[1, 5, 2, 6, 3]  \  19
[6, 7, 5, 8, 10]  \  0
[6, 5, 3, 10, 8]  \  4
[3, 8, 6, 10, 5]  \  4
[1, 5, 2, 6, 3]  \  19
[6, 7, 5, 8, 10]  \  0
[1, 10, 6, 7, 8]  \  4
[1, 10, 6, 7, 8]  \  4
[1, 5, 2, 6, 3]  \  19
[6, 7, 5, 8, 10]  \  0
[2, 6, 7, 3, 10]  \  8
[2, 6, 10, 3, 7]  \  8
[1, 5, 2, 6, 3]  \  19
[6, 7, 5, 8, 10]  \  0
[2, 10, 1, 6, 7]  \  10
[2, 10, 1, 7, 6]  \  10
[1, 5, 2, 6, 3]  \  19
[6, 7, 5, 8, 10]  \  0
[1, 7, 2, 8, 6]  \  12
[6, 8, 2, 7, 1]  \  12
[1, 5, 2, 6, 3]  \  19
[6, 7, 5, 8, 10]  \  0
[1, 10, 5, 7, 2]  \  11
[2, 10, 1, 7, 5]  \  11
[1, 5, 2, 6, 3]  \  19
[6, 7, 5, 8, 10]  \  0
[2, 8, 3, 5, 10]  \  8
[2, 10, 3, 5, 8]  \  8
[1, 5, 2, 6, 3]  \  19
[6, 7, 5, 8, 10]  \  0
[5, 7, 6, 2, 1]  \  15
[2, 7, 5, 6, 1]  \  15
[1, 5, 2, 6, 3]  \  19
[6, 7, 5, 8, 10]  \  0
[5, 10, 3, 8, 2]  \  8
[5, 2, 8, 3, 10]  \  8
[1, 5, 2, 6, 3]  \  19
[6, 7, 5, 8, 10]  \  0
[1, 7, 3, 6, 5]  \  14
[5, 7, 1, 6, 3]  \  14
[1, 5, 2, 6, 3]  \  19
[6, 7, 5, 8, 10]  \  0
[1, 6, 7, 8, 3]  \  11
[6, 8, 3, 7, 1]  \  11
[1, 5, 2, 6, 3]  \  19
[6, 7, 5, 8, 10]  \  0
[3, 5, 8, 10, 6]  \  4
[6, 8, 5, 3, 10]  \  4
[1, 5, 2, 6, 3]  \  19
[6, 7, 5, 8, 10]  \  0
[3, 5, 6, 10, 2]  \  10
[3, 5, 6, 10, 2]  \  10
[1, 5, 2, 6, 3]  \  19
[6, 7, 5, 8, 10]  \  0
[3, 10, 2, 5, 8]  \  8
[2, 5, 3, 8, 10]  \  8
[1, 5, 2, 6, 3]  \  19
[6, 7, 5, 8, 10]  \  0
[3, 7, 5, 10, 6]  \  5
[3, 10, 6, 5, 7]  \  5
[1, 5, 2, 6, 3]  \  19
[6, 7, 5, 8, 10]  \  0
[6, 8, 3, 7, 2]  \  10
[6, 7, 2, 8, 3]  \  10
[1, 5, 2, 6, 3]  \  19
[6, 7, 5, 8, 10]  \  0
[5, 7, 2, 8, 1]  \  13
[1, 8, 2, 5, 7]  \  13
[1, 5, 2, 6, 3]  \  19
[6, 7, 5, 8, 10]  \  0
[1, 8, 3, 7, 5]  \  12
[3, 5, 1, 7, 8]  \  12
[1, 5, 2, 6, 3]  \  19
[6, 7, 5, 8, 10]  \  0
[2, 8, 3, 7, 5]  \  11
[5, 7, 3, 8, 2]  \  11
[1, 5, 2, 6, 3]  \  19
[6, 7, 5, 8, 10]  \  0
[6, 10, 3, 2, 7]  \  8
[3, 7, 6, 2, 10]  \  8
[1, 5, 2, 6, 3]  \  19
[6, 7, 5, 8, 10]  \  0
[3, 8, 6, 7, 5]  \  7
[3, 6, 7, 5, 8]  \  7
[1, 5, 2, 6, 3]  \  19
[6, 7, 5, 8, 10]  \  0
[6, 8, 2, 5, 7]  \  8
[2, 6, 5, 8, 7]  \  8
[1, 5, 2, 6, 3]  \  19
[6, 7, 5, 8, 10]  \  0
[1, 10, 5, 7, 6]  \  7
[5, 7, 6, 1, 10]  \  7
[1, 5, 2, 6, 3]  \  19
[6, 7, 5, 8, 10]  \  0
[2, 8, 7, 10, 6]  \  3
[6, 10, 2, 7, 8]  \  3
[1, 5, 2, 6, 3]  \  19
[6, 7, 5, 8, 10]  \  0
[5, 1, 8, 3, 2]  \  17
[5, 1, 8, 2, 3]  \  17
[1, 5, 2, 6, 3]  \  19
[6, 7, 5, 8, 10]  \  0
[5, 8, 6, 7, 2]  \  8
[5, 8, 6, 2, 7]  \  8
[1, 5, 2, 6, 3]  \  19
[6, 7, 5, 8, 10]  \  0
[2, 6, 1, 10, 7]  \  10
[2, 6, 1, 7, 10]  \  10
[1, 5, 2, 6, 3]  \  19
[6, 7, 5, 8, 10]  \  0
[3, 6, 7, 1, 10]  \  9
[3, 7, 1, 10, 6]  \  9
[1, 5, 2, 6, 3]  \  19
[6, 7, 5, 8, 10]  \  0
[6, 5, 3, 10, 2]  \  10
[6, 10, 2, 5, 3]  \  10
[1, 5, 2, 6, 3]  \  19
[6, 7, 5, 8, 10]  \  0
[2, 6, 1, 10, 7]  \  10
[1, 10, 7, 6, 2]  \  10
[1, 5, 2, 6, 3]  \  19
[6, 7, 5, 8, 10]  \  0
[6, 8, 2, 7, 1]  \  12
[1, 8, 2, 7, 6]  \  12
[1, 5, 2, 6, 3]  \  19
[6, 7, 5, 8, 10]  \  0
[3, 7, 1, 10, 6]  \  9
[3, 7, 6, 1, 10]  \  9
[1, 5, 2, 6, 3]  \  19
[6, 7, 5, 8, 10]  \  0
[2, 7, 6, 8, 1]  \  12
[2, 7, 6, 8, 1]  \  12
[1, 5, 2, 6, 3]  \  19
[6, 7, 5, 8, 10]  \  0
[5, 7, 1, 10, 6]  \  7
[1, 6, 5, 7, 10]  \  7
[1, 5, 2, 6, 3]  \  19
[6, 7, 5, 8, 10]  \  0
[2, 10, 5, 6, 3]  \  10
[5, 6, 3, 2, 10]  \  10
[1, 5, 2, 6, 3]  \  19
[6, 7, 5, 8, 10]  \  0
[5, 7, 1, 6, 8]  \  9
[6, 7, 5, 8, 1]  \  9
[1, 5, 2, 6, 3]  \  19
[6, 7, 5, 8, 10]  \  0
[5, 8, 1, 7, 6]  \  9
[6, 7, 5, 8, 1]  \  9
[1, 5, 2, 6, 3]  \  19
[6, 7, 5, 8, 10]  \  0
[6, 8, 10, 5, 2]  \  5
[6, 8, 10, 2, 5]  \  5
[1, 5, 2, 6, 3]  \  19
[6, 7, 5, 8, 10]  \  0
[3, 6, 8, 2, 5]  \  12
[3, 8, 6, 2, 5]  \  12
[1, 5, 2, 6, 3]  \  19
[6, 7, 5, 8, 10]  \  0
[5, 7, 6, 8, 2]  \  8
[5, 8, 2, 7, 6]  \  8
[1, 5, 2, 6, 3]  \  19
[6, 7, 5, 8, 10]  \  0
[5, 10, 1, 2, 6]  \  12
[5, 6, 2, 10, 1]  \  12
[1, 5, 2, 6, 3]  \  19
[6, 7, 5, 8, 10]  \  0
[2, 5, 6, 8, 10]  \  5
[6, 5, 10, 2, 8]  \  5
[1, 5, 2, 6, 3]  \  19
[6, 7, 5, 8, 10]  \  0
[2, 6, 1, 7, 8]  \  12
[1, 7, 2, 6, 8]  \  12
[1, 5, 2, 6, 3]  \  19
[6, 7, 5, 8, 10]  \  0
[1, 8, 6, 10, 7]  \  4
[6, 7, 10, 1, 8]  \  4
[1, 5, 2, 6, 3]  \  19
[6, 7, 5, 8, 10]  \  0
[2, 6, 10, 5, 3]  \  10
[5, 10, 6, 2, 3]  \  10
[1, 5, 2, 6, 3]  \  19
[6, 7, 5, 8, 10]  \  0
[2, 10, 5, 6, 7]  \  6
[5, 10, 6, 2, 7]  \  6
[1, 5, 2, 6, 3]  \  19
[6, 7, 5, 8, 10]  \  0
[3, 10, 5, 8, 1]  \  9
[1, 10, 3, 5, 8]  \  9
[1, 5, 2, 6, 3]  \  19
[6, 7, 5, 8, 10]  \  0
[2, 7, 10, 3, 5]  \  9
[2, 10, 5, 7, 3]  \  9
[1, 5, 2, 6, 3]  \  19
[6, 7, 5, 8, 10]  \  0
[2, 7, 3, 8, 10]  \  6
[3, 7, 10, 2, 8]  \  6
[1, 5, 2, 6, 3]  \  19
[6, 7, 5, 8, 10]  \  0
[6, 10, 3, 5, 2]  \  10
[6, 10, 2, 5, 3]  \  10
[1, 5, 2, 6, 3]  \  19
[6, 7, 5, 8, 10]  \  0
[2, 7, 3, 10, 1]  \  13
[1, 7, 3, 10, 2]  \  13
[1, 5, 2, 6, 3]  \  19
[6, 7, 5, 8, 10]  \  0
[5, 10, 6, 8, 3]  \  4
[3, 10, 6, 8, 5]  \  4
[1, 5, 2, 6, 3]  \  19
[6, 7, 5, 8, 10]  \  0
[2, 5, 3, 7, 6]  \  13
[3, 7, 5, 2, 6]  \  13
[1, 5, 2, 6, 3]  \  19
[6, 7, 5, 8, 10]  \  0
[2, 5, 10, 6, 7]  \  6
[2, 10, 5, 6, 7]  \  6
[1, 5, 2, 6, 3]  \  19
[6, 7, 5, 8, 10]  \  0
[3, 10, 5, 6, 2]  \  10
[3, 10, 6, 2, 5]  \  10
[1, 5, 2, 6, 3]  \  19
[6, 7, 5, 8, 10]  \  0
[5, 10, 1, 2, 8]  \  10
[5, 8, 1, 2, 10]  \  10
[1, 5, 2, 6, 3]  \  19
[6, 7, 5, 8, 10]  \  0
[5, 6, 1, 10, 3]  \  11
[1, 10, 6, 5, 3]  \  11
[1, 5, 2, 6, 3]  \  19
[6, 7, 5, 8, 10]  \  0
[6, 10, 3, 7, 5]  \  5
[3, 6, 7, 5, 10]  \  5
[1, 5, 2, 6, 3]  \  19
[6, 7, 5, 8, 10]  \  0
[2, 6, 7, 10, 3]  \  8
[2, 7, 6, 10, 3]  \  8
[1, 5, 2, 6, 3]  \  19
[6, 7, 5, 8, 10]  \  0
[2, 8, 3, 5, 1]  \  17
[2, 8, 3, 5, 1]  \  17
[1, 5, 2, 6, 3]  \  19
[6, 7, 5, 8, 10]  \  0
[6, 8, 10, 3, 5]  \  4
[5, 6, 3, 8, 10]  \  4
[1, 5, 2, 6, 3]  \  19
[6, 7, 5, 8, 10]  \  0
[3, 5, 2, 7, 10]  \  9
[2, 10, 3, 5, 7]  \  9
[1, 5, 2, 6, 3]  \  19
[6, 7, 5, 8, 10]  \  0
[6, 7, 3, 10, 5]  \  5
[6, 7, 10, 3, 5]  \  5
[1, 5, 2, 6, 3]  \  19
[6, 7, 5, 8, 10]  \  0
[3, 8, 2, 7, 10]  \  6
[2, 7, 3, 10, 8]  \  6
[1, 5, 2, 6, 3]  \  19
[6, 7, 5, 8, 10]  \  0
[2, 7, 5, 10, 3]  \  9
[3, 7, 2, 10, 5]  \  9
[1, 5, 2, 6, 3]  \  19
[6, 7, 5, 8, 10]  \  0
[6, 2, 8, 7, 1]  \  12
[2, 8, 6, 1, 7]  \  12
[1, 5, 2, 6, 3]  \  19
[6, 7, 5, 8, 10]  \  0
[2, 7, 3, 6, 5]  \  13
[6, 7, 5, 2, 3]  \  13
[1, 5, 2, 6, 3]  \  19
[6, 7, 5, 8, 10]  \  0
[3, 8, 2, 6, 5]  \  12
[3, 8, 2, 6, 5]  \  12
[1, 5, 2, 6, 3]  \  19
[6, 7, 5, 8, 10]  \  0
[3, 10, 2, 8, 6]  \  7
[3, 10, 6, 8, 2]  \  7
[1, 5, 2, 6, 3]  \  19
[6, 7, 5, 8, 10]  \  0
[1, 10, 2, 8, 6]  \  9
[6, 10, 1, 8, 2]  \  9
[1, 5, 2, 6, 3]  \  19
[6, 7, 5, 8, 10]  \  0
[2, 8, 3, 7, 6]  \  10
[2, 6, 3, 7, 8]  \  10
[1, 5, 2, 6, 3]  \  19
[6, 7, 5, 8, 10]  \  0
[2, 6, 10, 8, 1]  \  9
[1, 10, 6, 8, 2]  \  9
[1, 5, 2, 6, 3]  \  19
[6, 7, 5, 8, 10]  \  0
[1, 7, 5, 10, 3]  \  10
[1, 5, 7, 3, 10]  \  10
[1, 5, 2, 6, 3]  \  19
[6, 7, 5, 8, 10]  \  0
[2, 7, 3, 5, 8]  \  11
[5, 7, 2, 8, 3]  \  11
[1, 5, 2, 6, 3]  \  19
[6, 7, 5, 8, 10]  \  0
[3, 5, 6, 2, 7]  \  13
[2, 7, 3, 5, 6]  \  13
[1, 5, 2, 6, 3]  \  19
[6, 7, 5, 8, 10]  \  0
[2, 7, 5, 6, 1]  \  15
[2, 5, 6, 7, 1]  \  15
[1, 5, 2, 6, 3]  \  19
[6, 7, 5, 8, 10]  \  0
[2, 10, 3, 5, 1]  \  15
[1, 5, 3, 10, 2]  \  15
[1, 5, 2, 6, 3]  \  19
[6, 7, 5, 8, 10]  \  0
[3, 8, 2, 5, 6]  \  12
[2, 8, 3, 6, 5]  \  12
[1, 5, 2, 6, 3]  \  19
[6, 7, 5, 8, 10]  \  0
[3, 5, 10, 1, 6]  \  11
[3, 10, 6, 1, 5]  \  11
[1, 5, 2, 6, 3]  \  19
[6, 7, 5, 8, 10]  \  0
[1, 8, 5, 6, 10]  \  6
[1, 10, 5, 8, 6]  \  6
[1, 5, 2, 6, 3]  \  19
[6, 7, 5, 8, 10]  \  0
[1, 5, 3, 6, 2]  \  19
[5, 2, 6, 3, 1]  \  19
[5, 2, 6, 3, 1]  \  19
[6, 7, 5, 8, 10]  \  0
[2, 5, 3, 10, 1]  \  15
[1, 10, 2, 3, 5]  \  15
[5, 2, 6, 3, 1]  \  19
[6, 7, 5, 8, 10]  \  0
[2, 5, 6, 7, 10]  \  6
[6, 5, 10, 2, 7]  \  6
[5, 2, 6, 3, 1]  \  19
[6, 7, 5, 8, 10]  \  0
[3, 5, 1, 7, 6]  \  14
[3, 7, 1, 5, 6]  \  14
[5, 2, 6, 3, 1]  \  19
[6, 7, 5, 8, 10]  \  0
[1, 6, 10, 3, 7]  \  9
[3, 10, 1, 7, 6]  \  9
[5, 2, 6, 3, 1]  \  19
[6, 7, 5, 8, 10]  \  0
[1, 10, 7, 8, 6]  \  4
[1, 8, 6, 10, 7]  \  4
[5, 2, 6, 3, 1]  \  19
[6, 7, 5, 8, 10]  \  0
[3, 10, 1, 8, 5]  \  9
[5, 10, 1, 8, 3]  \  9
[5, 2, 6, 3, 1]  \  19
[6, 7, 5, 8, 10]  \  0
[3, 5, 6, 10, 1]  \  11
[6, 5, 3, 1, 10]  \  11
[5, 2, 6, 3, 1]  \  19
[6, 7, 5, 8, 10]  \  0
[5, 2, 7, 6, 10]  \  6
[6, 5, 10, 7, 2]  \  6
[5, 2, 6, 3, 1]  \  19
[6, 7, 5, 8, 10]  \  0
[3, 5, 6, 7, 10]  \  5
[6, 7, 5, 3, 10]  \  5
[5, 2, 6, 3, 1]  \  19
[6, 7, 5, 8, 10]  \  0
[5, 3, 1, 7, 6]  \  14
[1, 7, 3, 5, 6]  \  14
[5, 2, 6, 3, 1]  \  19
[6, 7, 5, 8, 10]  \  0
[1, 7, 5, 2, 10]  \  11
[2, 10, 1, 7, 5]  \  11
[5, 2, 6, 3, 1]  \  19
[6, 7, 5, 8, 10]  \  0
[3, 6, 1, 8, 2]  \  16
[1, 8, 2, 6, 3]  \  16
[5, 2, 6, 3, 1]  \  19
[6, 7, 5, 8, 10]  \  0
[3, 7, 1, 2, 5]  \  18
[5, 1, 7, 2, 3]  \  18
[5, 2, 6, 3, 1]  \  19
[6, 7, 5, 8, 10]  \  0
[3, 8, 1, 10, 6]  \  8
[3, 8, 1, 6, 10]  \  8
[5, 2, 6, 3, 1]  \  19
[6, 7, 5, 8, 10]  \  0
[1, 10, 3, 6, 8]  \  8
[3, 8, 6, 10, 1]  \  8
[5, 2, 6, 3, 1]  \  19
[6, 7, 5, 8, 10]  \  0
[6, 10, 2, 1, 3]  \  14
[1, 6, 3, 10, 2]  \  14
[5, 2, 6, 3, 1]  \  19
[6, 7, 5, 8, 10]  \  0
[2, 5, 1, 3, 6]  \  19
[2, 6, 3, 5, 1]  \  19
[2, 6, 3, 5, 1]  \  19
[6, 7, 5, 8, 10]  \  0
[2, 10, 1, 7, 6]  \  10
[6, 7, 10, 2, 1]  \  10
[2, 6, 3, 5, 1]  \  19
[6, 7, 5, 8, 10]  \  0
[5, 6, 7, 1, 3]  \  14
[6, 7, 1, 5, 3]  \  14
[2, 6, 3, 5, 1]  \  19
[6, 7, 5, 8, 10]  \  0
[2, 6, 5, 7, 3]  \  13
[5, 7, 3, 6, 2]  \  13
[2, 6, 3, 5, 1]  \  19
[6, 7, 5, 8, 10]  \  0
[5, 6, 10, 3, 1]  \  11
[3, 10, 6, 5, 1]  \  11
[2, 6, 3, 5, 1]  \  19
[6, 7, 5, 8, 10]  \  0
[1, 6, 8, 5, 10]  \  6
[5, 8, 6, 10, 1]  \  6
[2, 6, 3, 5, 1]  \  19
[6, 7, 5, 8, 10]  \  0
[6, 7, 5, 8, 1]  \  9
[6, 8, 1, 7, 5]  \  9
[2, 6, 3, 5, 1]  \  19
[6, 7, 5, 8, 10]  \  0
[1, 10, 3, 7, 6]  \  9
[1, 7, 6, 10, 3]  \  9
[2, 6, 3, 5, 1]  \  19
[6, 7, 5, 8, 10]  \  0
[1, 7, 3, 5, 10]  \  10
[5, 1, 10, 7, 3]  \  10
[2, 6, 3, 5, 1]  \  19
[6, 7, 5, 8, 10]  \  0
[3, 5, 6, 7, 2]  \  13
[3, 7, 5, 6, 2]  \  13
[2, 6, 3, 5, 1]  \  19
[6, 7, 5, 8, 10]  \  0
[5, 7, 3, 6, 8]  \  7
[6, 3, 7, 5, 8]  \  7
[2, 6, 3, 5, 1]  \  19
[6, 7, 5, 8, 10]  \  0
[1, 7, 3, 2, 8]  \  15
[1, 8, 2, 7, 3]  \  15
[2, 6, 3, 5, 1]  \  19
[6, 7, 5, 8, 10]  \  0
[2, 7, 6, 5, 10]  \  6
[6, 10, 5, 2, 7]  \  6
[2, 6, 3, 5, 1]  \  19
[6, 7, 5, 8, 10]  \  0
[5, 6, 8, 3, 2]  \  12
[2, 5, 6, 8, 3]  \  12
[2, 6, 3, 5, 1]  \  19
[6, 7, 5, 8, 10]  \  0
[1, 5, 2, 8, 3]  \  17
[3, 5, 2, 8, 1]  \  17
[2, 6, 3, 5, 1]  \  19
[6, 7, 5, 8, 10]  \  0
[6, 5, 1, 10, 3]  \  11
[5, 1, 6, 3, 10]  \  11
[2, 6, 3, 5, 1]  \  19
[6, 7, 5, 8, 10]  \  0
[3, 7, 6, 10, 5]  \  5
[6, 3, 10, 5, 7]  \  5
[2, 6, 3, 5, 1]  \  19
[6, 7, 5, 8, 10]  \  0
[3, 10, 1, 7, 2]  \  13
[2, 10, 3, 7, 1]  \  13
[2, 6, 3, 5, 1]  \  19
[6, 7, 5, 8, 10]  \  0
[1, 10, 3, 2, 6]  \  14
[2, 10, 3, 6, 1]  \  14
[2, 6, 3, 5, 1]  \  19
[6, 7, 5, 8, 10]  \  0
[1, 7, 10, 5, 3]  \  10
[5, 3, 7, 10, 1]  \  10
[2, 6, 3, 5, 1]  \  19
[6, 7, 5, 8, 10]  \  0
[6, 5, 3, 10, 2]  \  10
[6, 10, 5, 3, 2]  \  10
[2, 6, 3, 5, 1]  \  19
[6, 7, 5, 8, 10]  \  0
[5, 7, 2, 10, 6]  \  6
[5, 6, 2, 10, 7]  \  6
[2, 6, 3, 5, 1]  \  19
[6, 7, 5, 8, 10]  \  0
[5, 1, 7, 3, 10]  \  10
[1, 7, 3, 5, 10]  \  10
[2, 6, 3, 5, 1]  \  19
[6, 7, 5, 8, 10]  \  0
[3, 5, 2, 10, 8]  \  8
[3, 5, 2, 8, 10]  \  8
[2, 6, 3, 5, 1]  \  19
[6, 7, 5, 8, 10]  \  0
[6, 3, 10, 2, 5]  \  10
[2, 10, 3, 5, 6]  \  10
[2, 6, 3, 5, 1]  \  19
[6, 7, 5, 8, 10]  \  0
[5, 7, 2, 10, 1]  \  11
[5, 10, 2, 7, 1]  \  11
[2, 6, 3, 5, 1]  \  19
[6, 7, 5, 8, 10]  \  0
[6, 8, 1, 10, 7]  \  4
[6, 10, 8, 1, 7]  \  4
[2, 6, 3, 5, 1]  \  19
[6, 7, 5, 8, 10]  \  0
[5, 6, 2, 10, 7]  \  6
[6, 7, 5, 10, 2]  \  6
[2, 6, 3, 5, 1]  \  19
[6, 7, 5, 8, 10]  \  0
[3, 8, 2, 6, 5]  \  12
[6, 3, 8, 5, 2]  \  12
[2, 6, 3, 5, 1]  \  19
[6, 7, 5, 8, 10]  \  0
[2, 8, 5, 7, 10]  \  4
[2, 10, 5, 7, 8]  \  4
[2, 6, 3, 5, 1]  \  19
[6, 7, 5, 8, 10]  \  0
[3, 6, 10, 7, 1]  \  9
[1, 7, 3, 10, 6]  \  9
[2, 6, 3, 5, 1]  \  19
[6, 7, 5, 8, 10]  \  0
[6, 3, 8, 5, 1]  \  13
[3, 8, 6, 5, 1]  \  13
[2, 6, 3, 5, 1]  \  19
[6, 7, 5, 8, 10]  \  0
[5, 10, 6, 3, 7]  \  5
[3, 7, 5, 10, 6]  \  5
[2, 6, 3, 5, 1]  \  19
[6, 7, 5, 8, 10]  \  0
[6, 10, 5, 7, 3]  \  5
[5, 10, 3, 7, 6]  \  5
[2, 6, 3, 5, 1]  \  19
[6, 7, 5, 8, 10]  \  0
[3, 8, 1, 5, 7]  \  12
[5, 7, 3, 8, 1]  \  12
[2, 6, 3, 5, 1]  \  19
[6, 7, 5, 8, 10]  \  0
[2, 10, 6, 5, 1]  \  12
[1, 10, 2, 5, 6]  \  12
[2, 6, 3, 5, 1]  \  19
[6, 7, 5, 8, 10]  \  0
[1, 8, 5, 6, 2]  \  14
[1, 5, 2, 8, 6]  \  14
[2, 6, 3, 5, 1]  \  19
[6, 7, 5, 8, 10]  \  0
[1, 8, 6, 5, 7]  \  9
[1, 7, 6, 8, 5]  \  9
[2, 6, 3, 5, 1]  \  19
[6, 7, 5, 8, 10]  \  0
[1, 7, 3, 5, 10]  \  10
[3, 10, 1, 7, 5]  \  10
[2, 6, 3, 5, 1]  \  19
[6, 7, 5, 8, 10]  \  0
[3, 7, 5, 1, 10]  \  10
[3, 7, 5, 10, 1]  \  10
[2, 6, 3, 5, 1]  \  19
[6, 7, 5, 8, 10]  \  0
[3, 10, 1, 8, 6]  \  8
[1, 8, 3, 10, 6]  \  8
[2, 6, 3, 5, 1]  \  19
[6, 7, 5, 8, 10]  \  0
[5, 10, 1, 8, 3]  \  9
[3, 10, 5, 1, 8]  \  9
[2, 6, 3, 5, 1]  \  19
[6, 7, 5, 8, 10]  \  0
[5, 6, 3, 7, 10]  \  5
[6, 7, 3, 10, 5]  \  5
[2, 6, 3, 5, 1]  \  19
[6, 7, 5, 8, 10]  \  0
[1, 7, 6, 5, 3]  \  14
[5, 3, 6, 7, 1]  \  14
[2, 6, 3, 5, 1]  \  19
[6, 7, 5, 8, 10]  \  0
[6, 5, 3, 7, 10]  \  5
[6, 10, 3, 7, 5]  \  5
[2, 6, 3, 5, 1]  \  19
[6, 7, 5, 8, 10]  \  0
[5, 7, 1, 10, 6]  \  7
[5, 10, 1, 6, 7]  \  7
[2, 6, 3, 5, 1]  \  19
[6, 7, 5, 8, 10]  \  0
[6, 8, 5, 7, 1]  \  9
[1, 7, 6, 5, 8]  \  9
[2, 6, 3, 5, 1]  \  19
[6, 7, 5, 8, 10]  \  0
[1, 10, 5, 7, 6]  \  7
[5, 6, 7, 1, 10]  \  7
[2, 6, 3, 5, 1]  \  19
[6, 7, 5, 8, 10]  \  0
[1, 6, 2, 10, 3]  \  14
[1, 6, 3, 2, 10]  \  14
[2, 6, 3, 5, 1]  \  19
[6, 7, 5, 8, 10]  \  0
[1, 10, 6, 5, 7]  \  7
[6, 5, 1, 7, 10]  \  7
[2, 6, 3, 5, 1]  \  19
[6, 7, 5, 8, 10]  \  0
[6, 8, 1, 7, 5]  \  9
[5, 8, 7, 6, 1]  \  9
[2, 6, 3, 5, 1]  \  19
[6, 7, 5, 8, 10]  \  0
[1, 7, 5, 3, 10]  \  10
[3, 10, 7, 5, 1]  \  10
[2, 6, 3, 5, 1]  \  19
[6, 7, 5, 8, 10]  \  0
[1, 8, 2, 5, 3]  \  17
[2, 5, 3, 8, 1]  \  17
[2, 6, 3, 5, 1]  \  19
[6, 7, 5, 8, 10]  \  0
[1, 8, 7, 5, 6]  \  9
[6, 8, 5, 7, 1]  \  9
[2, 6, 3, 5, 1]  \  19
[6, 7, 5, 8, 10]  \  0
[6, 10, 5, 7, 2]  \  6
[5, 10, 7, 6, 2]  \  6
[2, 6, 3, 5, 1]  \  19
[6, 7, 5, 8, 10]  \  0
[1, 8, 5, 3, 2]  \  17
[2, 8, 5, 1, 3]  \  17
[2, 6, 3, 5, 1]  \  19
[6, 7, 5, 8, 10]  \  0
[6, 5, 1, 7, 3]  \  14
[6, 5, 1, 3, 7]  \  14
[2, 6, 3, 5, 1]  \  19
[6, 7, 5, 8, 10]  \  0
[6, 8, 2, 7, 5]  \  8
[6, 7, 2, 5, 8]  \  8
[2, 6, 3, 5, 1]  \  19
[6, 7, 5, 8, 10]  \  0
[1, 5, 2, 10, 7]  \  11
[1, 7, 5, 10, 2]  \  11
[2, 6, 3, 5, 1]  \  19
[6, 7, 5, 8, 10]  \  0
[6, 5, 1, 7, 3]  \  14
[5, 7, 3, 1, 6]  \  14
[2, 6, 3, 5, 1]  \  19
[6, 7, 5, 8, 10]  \  0
[5, 7, 1, 10, 3]  \  10
[1, 10, 3, 5, 7]  \  10
[2, 6, 3, 5, 1]  \  19
[6, 7, 5, 8, 10]  \  0
[1, 6, 10, 7, 5]  \  7
[1, 5, 7, 6, 10]  \  7
