===========================
Newborn : ([3, 4, 8, 5, 1], [2, 9, 6, 7, 10])
0
Parents : ([3, 4, 8, 5, 1], [2, 9, 6, 7, 10])
[[6, 7, 9, 4, 1], [2, 3, 5, 8, 10], [3, 4, 8, 5, 1], [2, 9, 6, 7, 10]]
4
===========================
Newborn : ([9, 3, 10, 8, 6], [1, 2, 4, 5, 7])
1
Parents : ([1, 2, 4, 5, 7], [9, 3, 10, 8, 6])
[[6, 7, 9, 4, 1], [2, 3, 5, 8, 10], [3, 4, 8, 5, 1], [2, 9, 6, 7, 10], [9, 3, 10, 8, 6], [1, 2, 4, 5, 7]]
6
===========================
Newborn : ([10, 5, 6, 4, 3], [1, 2, 7, 8, 9])
2
Parents : ([1, 2, 4, 5, 7], [9, 3, 10, 8, 6])
[[6, 7, 9, 4, 1], [2, 3, 5, 8, 10], [3, 4, 8, 5, 1], [2, 9, 6, 7, 10], [9, 3, 10, 8, 6], [1, 2, 4, 5, 7], [10, 5, 6, 4, 3], [1, 2, 7, 8, 9]]
8
===========================
Newborn : ([3, 2, 10, 4, 6], [1, 5, 7, 8, 9])
3
Parents : ([1, 2, 4, 5, 7], [9, 3, 10, 8, 6])
[[6, 7, 9, 4, 1], [2, 3, 5, 8, 10], [3, 4, 8, 5, 1], [2, 9, 6, 7, 10], [9, 3, 10, 8, 6], [1, 2, 4, 5, 7], [10, 5, 6, 4, 3], [1, 2, 7, 8, 9], [3, 2, 10, 4, 6], [1, 5, 7, 8, 9]]
10
===========================
Newborn : ([6, 5, 10, 2, 9], [3, 4, 7, 8, 1])
4
Parents : ([1, 2, 4, 5, 7], [9, 3, 10, 8, 6])
[[6, 7, 9, 4, 1], [2, 3, 5, 8, 10], [3, 4, 8, 5, 1], [2, 9, 6, 7, 10], [9, 3, 10, 8, 6], [1, 2, 4, 5, 7], [10, 5, 6, 4, 3], [1, 2, 7, 8, 9], [3, 2, 10, 4, 6], [1, 5, 7, 8, 9], [6, 5, 10, 2, 9], [3, 4, 7, 8, 1]]
12
===========================
Newborn : ([3, 4, 1, 8, 2], [5, 6, 7, 9, 10])
5
Parents : ([1, 2, 4, 5, 7], [9, 3, 10, 8, 6])
[[6, 7, 9, 4, 1], [2, 3, 5, 8, 10], [3, 4, 8, 5, 1], [2, 9, 6, 7, 10], [9, 3, 10, 8, 6], [1, 2, 4, 5, 7], [10, 5, 6, 4, 3], [1, 2, 7, 8, 9], [3, 2, 10, 4, 6], [1, 5, 7, 8, 9], [6, 5, 10, 2, 9], [3, 4, 7, 8, 1], [3, 4, 1, 8, 2], [5, 6, 7, 9, 10]]
14
===========================
Newborn : ([8, 1, 5, 6, 4], [2, 3, 7, 9, 10])
6
Parents : ([1, 2, 4, 5, 7], [9, 3, 10, 8, 6])
[[6, 7, 9, 4, 1], [2, 3, 5, 8, 10], [3, 4, 8, 5, 1], [2, 9, 6, 7, 10], [9, 3, 10, 8, 6], [1, 2, 4, 5, 7], [10, 5, 6, 4, 3], [1, 2, 7, 8, 9], [3, 2, 10, 4, 6], [1, 5, 7, 8, 9], [6, 5, 10, 2, 9], [3, 4, 7, 8, 1], [3, 4, 1, 8, 2], [5, 6, 7, 9, 10], [8, 1, 5, 6, 4], [2, 3, 7, 9, 10]]
16
===========================
Newborn : ([9, 3, 10, 7, 8], [2, 1, 4, 5, 6])
7
Parents : ([1, 2, 4, 5, 7], [9, 3, 10, 8, 6])
[[6, 7, 9, 4, 1], [2, 3, 5, 8, 10], [3, 4, 8, 5, 1], [2, 9, 6, 7, 10], [9, 3, 10, 8, 6], [1, 2, 4, 5, 7], [10, 5, 6, 4, 3], [1, 2, 7, 8, 9], [3, 2, 10, 4, 6], [1, 5, 7, 8, 9], [6, 5, 10, 2, 9], [3, 4, 7, 8, 1], [3, 4, 1, 8, 2], [5, 6, 7, 9, 10], [8, 1, 5, 6, 4], [2, 3, 7, 9, 10], [9, 3, 10, 7, 8], [2, 1, 4, 5, 6]]
18
===========================
Newborn : ([3, 7, 10, 4, 2], [1, 5, 6, 8, 9])
8
Parents : ([1, 2, 4, 5, 7], [9, 3, 10, 8, 6])
[[6, 7, 9, 4, 1], [2, 3, 5, 8, 10], [3, 4, 8, 5, 1], [2, 9, 6, 7, 10], [9, 3, 10, 8, 6], [1, 2, 4, 5, 7], [10, 5, 6, 4, 3], [1, 2, 7, 8, 9], [3, 2, 10, 4, 6], [1, 5, 7, 8, 9], [6, 5, 10, 2, 9], [3, 4, 7, 8, 1], [3, 4, 1, 8, 2], [5, 6, 7, 9, 10], [8, 1, 5, 6, 4], [2, 3, 7, 9, 10], [9, 3, 10, 7, 8], [2, 1, 4, 5, 6], [3, 7, 10, 4, 2], [1, 5, 6, 8, 9]]
20
===========================
Newborn : ([10, 2, 8, 7, 3], [1, 4, 5, 6, 9])
9
Parents : ([1, 2, 4, 5, 7], [9, 3, 10, 8, 6])
[[6, 7, 9, 4, 1], [2, 3, 5, 8, 10], [3, 4, 8, 5, 1], [2, 9, 6, 7, 10], [9, 3, 10, 8, 6], [1, 2, 4, 5, 7], [10, 5, 6, 4, 3], [1, 2, 7, 8, 9], [3, 2, 10, 4, 6], [1, 5, 7, 8, 9], [6, 5, 10, 2, 9], [3, 4, 7, 8, 1], [3, 4, 1, 8, 2], [5, 6, 7, 9, 10], [8, 1, 5, 6, 4], [2, 3, 7, 9, 10], [9, 3, 10, 7, 8], [2, 1, 4, 5, 6], [3, 7, 10, 4, 2], [1, 5, 6, 8, 9], [10, 2, 8, 7, 3], [1, 4, 5, 6, 9]]
22
===========================
Newborn : ([3, 2, 6, 4, 9], [1, 7, 5, 8, 10])
10
Parents : ([1, 2, 4, 5, 7], [9, 3, 10, 8, 6])
[[6, 7, 9, 4, 1], [2, 3, 5, 8, 10], [3, 4, 8, 5, 1], [2, 9, 6, 7, 10], [9, 3, 10, 8, 6], [1, 2, 4, 5, 7], [10, 5, 6, 4, 3], [1, 2, 7, 8, 9], [3, 2, 10, 4, 6], [1, 5, 7, 8, 9], [6, 5, 10, 2, 9], [3, 4, 7, 8, 1], [3, 4, 1, 8, 2], [5, 6, 7, 9, 10], [8, 1, 5, 6, 4], [2, 3, 7, 9, 10], [9, 3, 10, 7, 8], [2, 1, 4, 5, 6], [3, 7, 10, 4, 2], [1, 5, 6, 8, 9], [10, 2, 8, 7, 3], [1, 4, 5, 6, 9], [3, 2, 6, 4, 9], [1, 7, 5, 8, 10]]
24
===========================
Newborn : ([10, 5, 8, 4, 3], [1, 2, 6, 7, 9])
11
Parents : ([1, 2, 4, 5, 7], [9, 3, 10, 8, 6])
[[6, 7, 9, 4, 1], [2, 3, 5, 8, 10], [3, 4, 8, 5, 1], [2, 9, 6, 7, 10], [9, 3, 10, 8, 6], [1, 2, 4, 5, 7], [10, 5, 6, 4, 3], [1, 2, 7, 8, 9], [3, 2, 10, 4, 6], [1, 5, 7, 8, 9], [6, 5, 10, 2, 9], [3, 4, 7, 8, 1], [3, 4, 1, 8, 2], [5, 6, 7, 9, 10], [8, 1, 5, 6, 4], [2, 3, 7, 9, 10], [9, 3, 10, 7, 8], [2, 1, 4, 5, 6], [3, 7, 10, 4, 2], [1, 5, 6, 8, 9], [10, 2, 8, 7, 3], [1, 4, 5, 6, 9], [3, 2, 6, 4, 9], [1, 7, 5, 8, 10], [10, 5, 8, 4, 3], [1, 2, 6, 7, 9]]
26
===========================
Newborn : ([8, 5, 3, 7, 9], [1, 2, 4, 6, 10])
12
Parents : ([1, 2, 4, 5, 7], [9, 3, 10, 8, 6])
[[6, 7, 9, 4, 1], [2, 3, 5, 8, 10], [3, 4, 8, 5, 1], [2, 9, 6, 7, 10], [9, 3, 10, 8, 6], [1, 2, 4, 5, 7], [10, 5, 6, 4, 3], [1, 2, 7, 8, 9], [3, 2, 10, 4, 6], [1, 5, 7, 8, 9], [6, 5, 10, 2, 9], [3, 4, 7, 8, 1], [3, 4, 1, 8, 2], [5, 6, 7, 9, 10], [8, 1, 5, 6, 4], [2, 3, 7, 9, 10], [9, 3, 10, 7, 8], [2, 1, 4, 5, 6], [3, 7, 10, 4, 2], [1, 5, 6, 8, 9], [10, 2, 8, 7, 3], [1, 4, 5, 6, 9], [3, 2, 6, 4, 9], [1, 7, 5, 8, 10], [10, 5, 8, 4, 3], [1, 2, 6, 7, 9], [8, 5, 3, 7, 9], [1, 2, 4, 6, 10]]
28
===========================
Newborn : ([10, 5, 3, 4, 7], [1, 2, 6, 8, 9])
13
Parents : ([1, 2, 4, 5, 7], [9, 3, 10, 8, 6])
[[6, 7, 9, 4, 1], [2, 3, 5, 8, 10], [3, 4, 8, 5, 1], [2, 9, 6, 7, 10], [9, 3, 10, 8, 6], [1, 2, 4, 5, 7], [10, 5, 6, 4, 3], [1, 2, 7, 8, 9], [3, 2, 10, 4, 6], [1, 5, 7, 8, 9], [6, 5, 10, 2, 9], [3, 4, 7, 8, 1], [3, 4, 1, 8, 2], [5, 6, 7, 9, 10], [8, 1, 5, 6, 4], [2, 3, 7, 9, 10], [9, 3, 10, 7, 8], [2, 1, 4, 5, 6], [3, 7, 10, 4, 2], [1, 5, 6, 8, 9], [10, 2, 8, 7, 3], [1, 4, 5, 6, 9], [3, 2, 6, 4, 9], [1, 7, 5, 8, 10], [10, 5, 8, 4, 3], [1, 2, 6, 7, 9], [8, 5, 3, 7, 9], [1, 2, 4, 6, 10], [10, 5, 3, 4, 7], [1, 2, 6, 8, 9]]
30
===========================
Newborn : ([6, 7, 10, 4, 5], [1, 2, 3, 8, 9])
14
Parents : ([1, 2, 3, 8, 9], [6, 7, 10, 4, 5])
[[6, 7, 9, 4, 1], [2, 3, 5, 8, 10], [3, 4, 8, 5, 1], [2, 9, 6, 7, 10], [9, 3, 10, 8, 6], [1, 2, 4, 5, 7], [10, 5, 6, 4, 3], [1, 2, 7, 8, 9], [3, 2, 10, 4, 6], [1, 5, 7, 8, 9], [6, 5, 10, 2, 9], [3, 4, 7, 8, 1], [3, 4, 1, 8, 2], [5, 6, 7, 9, 10], [8, 1, 5, 6, 4], [2, 3, 7, 9, 10], [9, 3, 10, 7, 8], [2, 1, 4, 5, 6], [3, 7, 10, 4, 2], [1, 5, 6, 8, 9], [10, 2, 8, 7, 3], [1, 4, 5, 6, 9], [3, 2, 6, 4, 9], [1, 7, 5, 8, 10], [10, 5, 8, 4, 3], [1, 2, 6, 7, 9], [8, 5, 3, 7, 9], [1, 2, 4, 6, 10], [10, 5, 3, 4, 7], [1, 2, 6, 8, 9], [6, 7, 10, 4, 5], [1, 2, 3, 8, 9]]
32
===========================
Newborn : ([4, 3, 9, 7, 2], [1, 5, 6, 10, 8])
15
Parents : ([1, 2, 3, 8, 9], [6, 7, 10, 4, 5])
[[6, 7, 9, 4, 1], [2, 3, 5, 8, 10], [3, 4, 8, 5, 1], [2, 9, 6, 7, 10], [9, 3, 10, 8, 6], [1, 2, 4, 5, 7], [10, 5, 6, 4, 3], [1, 2, 7, 8, 9], [3, 2, 10, 4, 6], [1, 5, 7, 8, 9], [6, 5, 10, 2, 9], [3, 4, 7, 8, 1], [3, 4, 1, 8, 2], [5, 6, 7, 9, 10], [8, 1, 5, 6, 4], [2, 3, 7, 9, 10], [9, 3, 10, 7, 8], [2, 1, 4, 5, 6], [3, 7, 10, 4, 2], [1, 5, 6, 8, 9], [10, 2, 8, 7, 3], [1, 4, 5, 6, 9], [3, 2, 6, 4, 9], [1, 7, 5, 8, 10], [10, 5, 8, 4, 3], [1, 2, 6, 7, 9], [8, 5, 3, 7, 9], [1, 2, 4, 6, 10], [10, 5, 3, 4, 7], [1, 2, 6, 8, 9], [6, 7, 10, 4, 5], [1, 2, 3, 8, 9], [4, 3, 9, 7, 2], [1, 5, 6, 10, 8]]
34
===========================
Newborn : ([5, 8, 4, 9, 2], [1, 3, 7, 6, 10])
16
Parents : ([1, 2, 3, 8, 9], [6, 7, 10, 4, 5])
[[6, 7, 9, 4, 1], [2, 3, 5, 8, 10], [3, 4, 8, 5, 1], [2, 9, 6, 7, 10], [9, 3, 10, 8, 6], [1, 2, 4, 5, 7], [10, 5, 6, 4, 3], [1, 2, 7, 8, 9], [3, 2, 10, 4, 6], [1, 5, 7, 8, 9], [6, 5, 10, 2, 9], [3, 4, 7, 8, 1], [3, 4, 1, 8, 2], [5, 6, 7, 9, 10], [8, 1, 5, 6, 4], [2, 3, 7, 9, 10], [9, 3, 10, 7, 8], [2, 1, 4, 5, 6], [3, 7, 10, 4, 2], [1, 5, 6, 8, 9], [10, 2, 8, 7, 3], [1, 4, 5, 6, 9], [3, 2, 6, 4, 9], [1, 7, 5, 8, 10], [10, 5, 8, 4, 3], [1, 2, 6, 7, 9], [8, 5, 3, 7, 9], [1, 2, 4, 6, 10], [10, 5, 3, 4, 7], [1, 2, 6, 8, 9], [6, 7, 10, 4, 5], [1, 2, 3, 8, 9], [4, 3, 9, 7, 2], [1, 5, 6, 10, 8], [5, 8, 4, 9, 2], [1, 3, 7, 6, 10]]
36
===========================
Newborn : ([5, 3, 6, 8, 10], [1, 2, 4, 7, 9])
17
Parents : ([1, 2, 3, 8, 9], [6, 7, 10, 4, 5])
[[6, 7, 9, 4, 1], [2, 3, 5, 8, 10], [3, 4, 8, 5, 1], [2, 9, 6, 7, 10], [9, 3, 10, 8, 6], [1, 2, 4, 5, 7], [10, 5, 6, 4, 3], [1, 2, 7, 8, 9], [3, 2, 10, 4, 6], [1, 5, 7, 8, 9], [6, 5, 10, 2, 9], [3, 4, 7, 8, 1], [3, 4, 1, 8, 2], [5, 6, 7, 9, 10], [8, 1, 5, 6, 4], [2, 3, 7, 9, 10], [9, 3, 10, 7, 8], [2, 1, 4, 5, 6], [3, 7, 10, 4, 2], [1, 5, 6, 8, 9], [10, 2, 8, 7, 3], [1, 4, 5, 6, 9], [3, 2, 6, 4, 9], [1, 7, 5, 8, 10], [10, 5, 8, 4, 3], [1, 2, 6, 7, 9], [8, 5, 3, 7, 9], [1, 2, 4, 6, 10], [10, 5, 3, 4, 7], [1, 2, 6, 8, 9], [6, 7, 10, 4, 5], [1, 2, 3, 8, 9], [4, 3, 9, 7, 2], [1, 5, 6, 10, 8], [5, 8, 4, 9, 2], [1, 3, 7, 6, 10], [5, 3, 6, 8, 10], [1, 2, 4, 7, 9]]
38
===========================
Newborn : ([7, 3, 5, 2, 10], [1, 4, 6, 8, 9])
18
Parents : ([1, 2, 3, 8, 9], [6, 7, 10, 4, 5])
[[6, 7, 9, 4, 1], [2, 3, 5, 8, 10], [3, 4, 8, 5, 1], [2, 9, 6, 7, 10], [9, 3, 10, 8, 6], [1, 2, 4, 5, 7], [10, 5, 6, 4, 3], [1, 2, 7, 8, 9], [3, 2, 10, 4, 6], [1, 5, 7, 8, 9], [6, 5, 10, 2, 9], [3, 4, 7, 8, 1], [3, 4, 1, 8, 2], [5, 6, 7, 9, 10], [8, 1, 5, 6, 4], [2, 3, 7, 9, 10], [9, 3, 10, 7, 8], [2, 1, 4, 5, 6], [3, 7, 10, 4, 2], [1, 5, 6, 8, 9], [10, 2, 8, 7, 3], [1, 4, 5, 6, 9], [3, 2, 6, 4, 9], [1, 7, 5, 8, 10], [10, 5, 8, 4, 3], [1, 2, 6, 7, 9], [8, 5, 3, 7, 9], [1, 2, 4, 6, 10], [10, 5, 3, 4, 7], [1, 2, 6, 8, 9], [6, 7, 10, 4, 5], [1, 2, 3, 8, 9], [4, 3, 9, 7, 2], [1, 5, 6, 10, 8], [5, 8, 4, 9, 2], [1, 3, 7, 6, 10], [5, 3, 6, 8, 10], [1, 2, 4, 7, 9], [7, 3, 5, 2, 10], [1, 4, 6, 8, 9]]
40
===========================
Newborn : ([10, 9, 5, 6, 2], [1, 3, 4, 8, 7])
19
Parents : ([1, 2, 3, 8, 9], [6, 7, 10, 4, 5])
[[6, 7, 9, 4, 1], [2, 3, 5, 8, 10], [3, 4, 8, 5, 1], [2, 9, 6, 7, 10], [9, 3, 10, 8, 6], [1, 2, 4, 5, 7], [10, 5, 6, 4, 3], [1, 2, 7, 8, 9], [3, 2, 10, 4, 6], [1, 5, 7, 8, 9], [6, 5, 10, 2, 9], [3, 4, 7, 8, 1], [3, 4, 1, 8, 2], [5, 6, 7, 9, 10], [8, 1, 5, 6, 4], [2, 3, 7, 9, 10], [9, 3, 10, 7, 8], [2, 1, 4, 5, 6], [3, 7, 10, 4, 2], [1, 5, 6, 8, 9], [10, 2, 8, 7, 3], [1, 4, 5, 6, 9], [3, 2, 6, 4, 9], [1, 7, 5, 8, 10], [10, 5, 8, 4, 3], [1, 2, 6, 7, 9], [8, 5, 3, 7, 9], [1, 2, 4, 6, 10], [10, 5, 3, 4, 7], [1, 2, 6, 8, 9], [6, 7, 10, 4, 5], [1, 2, 3, 8, 9], [4, 3, 9, 7, 2], [1, 5, 6, 10, 8], [5, 8, 4, 9, 2], [1, 3, 7, 6, 10], [5, 3, 6, 8, 10], [1, 2, 4, 7, 9], [7, 3, 5, 2, 10], [1, 4, 6, 8, 9], [10, 9, 5, 6, 2], [1, 3, 4, 8, 7]]
42
===========================
Newborn : ([6, 9, 4, 2, 1], [3, 5, 7, 8, 10])
20
Parents : ([6, 9, 4, 2, 1], [3, 5, 7, 8, 10])
[[6, 7, 9, 4, 1], [2, 3, 5, 8, 10], [3, 4, 8, 5, 1], [2, 9, 6, 7, 10], [9, 3, 10, 8, 6], [1, 2, 4, 5, 7], [10, 5, 6, 4, 3], [1, 2, 7, 8, 9], [3, 2, 10, 4, 6], [1, 5, 7, 8, 9], [6, 5, 10, 2, 9], [3, 4, 7, 8, 1], [3, 4, 1, 8, 2], [5, 6, 7, 9, 10], [8, 1, 5, 6, 4], [2, 3, 7, 9, 10], [9, 3, 10, 7, 8], [2, 1, 4, 5, 6], [3, 7, 10, 4, 2], [1, 5, 6, 8, 9], [10, 2, 8, 7, 3], [1, 4, 5, 6, 9], [3, 2, 6, 4, 9], [1, 7, 5, 8, 10], [10, 5, 8, 4, 3], [1, 2, 6, 7, 9], [8, 5, 3, 7, 9], [1, 2, 4, 6, 10], [10, 5, 3, 4, 7], [1, 2, 6, 8, 9], [6, 7, 10, 4, 5], [1, 2, 3, 8, 9], [4, 3, 9, 7, 2], [1, 5, 6, 10, 8], [5, 8, 4, 9, 2], [1, 3, 7, 6, 10], [5, 3, 6, 8, 10], [1, 2, 4, 7, 9], [7, 3, 5, 2, 10], [1, 4, 6, 8, 9], [10, 9, 5, 6, 2], [1, 3, 4, 8, 7], [6, 9, 4, 2, 1], [3, 5, 7, 8, 10]]
44
===========================
Newborn : ([8, 4, 7, 6, 5], [1, 2, 3, 9, 10])
21
Parents : ([6, 9, 4, 2, 1], [3, 5, 7, 8, 10])
[[6, 7, 9, 4, 1], [2, 3, 5, 8, 10], [3, 4, 8, 5, 1], [2, 9, 6, 7, 10], [9, 3, 10, 8, 6], [1, 2, 4, 5, 7], [10, 5, 6, 4, 3], [1, 2, 7, 8, 9], [3, 2, 10, 4, 6], [1, 5, 7, 8, 9], [6, 5, 10, 2, 9], [3, 4, 7, 8, 1], [3, 4, 1, 8, 2], [5, 6, 7, 9, 10], [8, 1, 5, 6, 4], [2, 3, 7, 9, 10], [9, 3, 10, 7, 8], [2, 1, 4, 5, 6], [3, 7, 10, 4, 2], [1, 5, 6, 8, 9], [10, 2, 8, 7, 3], [1, 4, 5, 6, 9], [3, 2, 6, 4, 9], [1, 7, 5, 8, 10], [10, 5, 8, 4, 3], [1, 2, 6, 7, 9], [8, 5, 3, 7, 9], [1, 2, 4, 6, 10], [10, 5, 3, 4, 7], [1, 2, 6, 8, 9], [6, 7, 10, 4, 5], [1, 2, 3, 8, 9], [4, 3, 9, 7, 2], [1, 5, 6, 10, 8], [5, 8, 4, 9, 2], [1, 3, 7, 6, 10], [5, 3, 6, 8, 10], [1, 2, 4, 7, 9], [7, 3, 5, 2, 10], [1, 4, 6, 8, 9], [10, 9, 5, 6, 2], [1, 3, 4, 8, 7], [6, 9, 4, 2, 1], [3, 5, 7, 8, 10], [8, 4, 7, 6, 5], [1, 2, 3, 9, 10]]
46
===========================
Newborn : ([5, 4, 7, 9, 10], [1, 2, 3, 6, 8])
22
Parents : ([1, 2, 3, 6, 8], [5, 4, 7, 9, 10])
[[6, 7, 9, 4, 1], [2, 3, 5, 8, 10], [3, 4, 8, 5, 1], [2, 9, 6, 7, 10], [9, 3, 10, 8, 6], [1, 2, 4, 5, 7], [10, 5, 6, 4, 3], [1, 2, 7, 8, 9], [3, 2, 10, 4, 6], [1, 5, 7, 8, 9], [6, 5, 10, 2, 9], [3, 4, 7, 8, 1], [3, 4, 1, 8, 2], [5, 6, 7, 9, 10], [8, 1, 5, 6, 4], [2, 3, 7, 9, 10], [9, 3, 10, 7, 8], [2, 1, 4, 5, 6], [3, 7, 10, 4, 2], [1, 5, 6, 8, 9], [10, 2, 8, 7, 3], [1, 4, 5, 6, 9], [3, 2, 6, 4, 9], [1, 7, 5, 8, 10], [10, 5, 8, 4, 3], [1, 2, 6, 7, 9], [8, 5, 3, 7, 9], [1, 2, 4, 6, 10], [10, 5, 3, 4, 7], [1, 2, 6, 8, 9], [6, 7, 10, 4, 5], [1, 2, 3, 8, 9], [4, 3, 9, 7, 2], [1, 5, 6, 10, 8], [5, 8, 4, 9, 2], [1, 3, 7, 6, 10], [5, 3, 6, 8, 10], [1, 2, 4, 7, 9], [7, 3, 5, 2, 10], [1, 4, 6, 8, 9], [10, 9, 5, 6, 2], [1, 3, 4, 8, 7], [6, 9, 4, 2, 1], [3, 5, 7, 8, 10], [8, 4, 7, 6, 5], [1, 2, 3, 9, 10], [5, 4, 7, 9, 10], [1, 2, 3, 6, 8]]
48
===========================
Newborn : ([10, 1, 4, 2, 5], [3, 6, 7, 8, 9])
23
Parents : ([10, 1, 4, 2, 5], [3, 6, 7, 8, 9])
[[6, 7, 9, 4, 1], [2, 3, 5, 8, 10], [3, 4, 8, 5, 1], [2, 9, 6, 7, 10], [9, 3, 10, 8, 6], [1, 2, 4, 5, 7], [10, 5, 6, 4, 3], [1, 2, 7, 8, 9], [3, 2, 10, 4, 6], [1, 5, 7, 8, 9], [6, 5, 10, 2, 9], [3, 4, 7, 8, 1], [3, 4, 1, 8, 2], [5, 6, 7, 9, 10], [8, 1, 5, 6, 4], [2, 3, 7, 9, 10], [9, 3, 10, 7, 8], [2, 1, 4, 5, 6], [3, 7, 10, 4, 2], [1, 5, 6, 8, 9], [10, 2, 8, 7, 3], [1, 4, 5, 6, 9], [3, 2, 6, 4, 9], [1, 7, 5, 8, 10], [10, 5, 8, 4, 3], [1, 2, 6, 7, 9], [8, 5, 3, 7, 9], [1, 2, 4, 6, 10], [10, 5, 3, 4, 7], [1, 2, 6, 8, 9], [6, 7, 10, 4, 5], [1, 2, 3, 8, 9], [4, 3, 9, 7, 2], [1, 5, 6, 10, 8], [5, 8, 4, 9, 2], [1, 3, 7, 6, 10], [5, 3, 6, 8, 10], [1, 2, 4, 7, 9], [7, 3, 5, 2, 10], [1, 4, 6, 8, 9], [10, 9, 5, 6, 2], [1, 3, 4, 8, 7], [6, 9, 4, 2, 1], [3, 5, 7, 8, 10], [8, 4, 7, 6, 5], [1, 2, 3, 9, 10], [5, 4, 7, 9, 10], [1, 2, 3, 6, 8], [10, 1, 4, 2, 5], [3, 6, 7, 8, 9]]
50
===========================
Newborn : ([6, 5, 1, 8, 3], [4, 2, 7, 9, 10])
24
Parents : ([10, 1, 4, 2, 5], [3, 6, 7, 8, 9])
[[9, 3, 10, 8, 6], [5, 6, 7, 9, 10], [9, 3, 10, 7, 8], [5, 4, 7, 9, 10], [2, 9, 6, 7, 10], [3, 5, 7, 8, 10], [3, 6, 7, 8, 9], [6, 5, 10, 2, 9], [8, 5, 3, 7, 9], [6, 7, 10, 4, 5], [5, 3, 6, 8, 10], [10, 9, 5, 6, 2], [2, 3, 7, 9, 10], [1, 7, 5, 8, 10], [1, 5, 7, 8, 9], [10, 2, 8, 7, 3], [10, 5, 8, 4, 3], [1, 5, 6, 10, 8], [8, 4, 7, 6, 5], [1, 5, 6, 8, 9], [10, 5, 3, 4, 7], [2, 3, 5, 8, 10], [10, 5, 6, 4, 3], [5, 8, 4, 9, 2], [1, 4, 6, 8, 9], [10, 1, 4, 2, 5], [10, 1, 4, 2, 5], [10, 1, 4, 2, 5], [10, 1, 4, 2, 5], [10, 1, 4, 2, 5], [10, 1, 4, 2, 5], [10, 1, 4, 2, 5], [10, 1, 4, 2, 5], [10, 1, 4, 2, 5], [10, 1, 4, 2, 5], [10, 1, 4, 2, 5], [10, 1, 4, 2, 5], [10, 1, 4, 2, 5], [10, 1, 4, 2, 5], [10, 1, 4, 2, 5], [10, 1, 4, 2, 5], [10, 1, 4, 2, 5], [10, 1, 4, 2, 5], [10, 1, 4, 2, 5], [10, 1, 4, 2, 5], [10, 1, 4, 2, 5], [10, 1, 4, 2, 5], [10, 1, 4, 2, 5], [10, 1, 4, 2, 5], [10, 1, 4, 2, 5], [6, 5, 1, 8, 3], [4, 2, 7, 9, 10]]
52
===========================
Newborn : ([8, 4, 9, 10, 5], [1, 2, 3, 6, 7])
25
Parents : ([10, 1, 4, 2, 5], [3, 6, 7, 8, 9])
[[9, 3, 10, 8, 6], [5, 6, 7, 9, 10], [9, 3, 10, 7, 8], [5, 4, 7, 9, 10], [2, 9, 6, 7, 10], [3, 5, 7, 8, 10], [3, 6, 7, 8, 9], [6, 5, 10, 2, 9], [8, 5, 3, 7, 9], [6, 7, 10, 4, 5], [5, 3, 6, 8, 10], [10, 9, 5, 6, 2], [4, 2, 7, 9, 10], [2, 3, 7, 9, 10], [1, 7, 5, 8, 10], [1, 5, 7, 8, 9], [10, 2, 8, 7, 3], [10, 5, 8, 4, 3], [1, 5, 6, 10, 8], [8, 4, 7, 6, 5], [1, 5, 6, 8, 9], [10, 5, 3, 4, 7], [2, 3, 5, 8, 10], [10, 5, 6, 4, 3], [5, 8, 4, 9, 2], [10, 1, 4, 2, 5], [10, 1, 4, 2, 5], [10, 1, 4, 2, 5], [8, 4, 9, 10, 5], [1, 2, 3, 6, 7]]
30
===========================
Newborn : ([7, 1, 6, 2, 4], [3, 5, 8, 9, 10])
26
Parents : ([7, 1, 6, 2, 4], [3, 5, 8, 9, 10])
[[9, 3, 10, 8, 6], [5, 6, 7, 9, 10], [9, 3, 10, 7, 8], [5, 4, 7, 9, 10], [2, 9, 6, 7, 10], [3, 5, 7, 8, 10], [3, 6, 7, 8, 9], [6, 5, 10, 2, 9], [8, 5, 3, 7, 9], [6, 7, 10, 4, 5], [5, 3, 6, 8, 10], [10, 9, 5, 6, 2], [4, 2, 7, 9, 10], [2, 3, 7, 9, 10], [1, 7, 5, 8, 10], [1, 5, 7, 8, 9], [10, 2, 8, 7, 3], [10, 5, 8, 4, 3], [1, 5, 6, 10, 8], [8, 4, 7, 6, 5], [1, 5, 6, 8, 9], [10, 5, 3, 4, 7], [2, 3, 5, 8, 10], [10, 5, 6, 4, 3], [5, 8, 4, 9, 2], [10, 1, 4, 2, 5], [10, 1, 4, 2, 5], [10, 1, 4, 2, 5], [8, 4, 9, 10, 5], [1, 2, 3, 6, 7], [7, 1, 6, 2, 4], [3, 5, 8, 9, 10]]
32
===========================
Newborn : ([5, 2, 10, 7, 3], [1, 4, 6, 8, 9])
27
Parents : ([7, 1, 6, 2, 4], [3, 5, 8, 9, 10])
[[9, 3, 10, 8, 6], [5, 6, 7, 9, 10], [9, 3, 10, 7, 8], [5, 4, 7, 9, 10], [2, 9, 6, 7, 10], [3, 5, 7, 8, 10], [3, 6, 7, 8, 9], [6, 5, 10, 2, 9], [8, 5, 3, 7, 9], [6, 7, 10, 4, 5], [5, 3, 6, 8, 10], [10, 9, 5, 6, 2], [4, 2, 7, 9, 10], [2, 3, 7, 9, 10], [1, 7, 5, 8, 10], [1, 5, 7, 8, 9], [10, 2, 8, 7, 3], [10, 5, 8, 4, 3], [1, 5, 6, 10, 8], [8, 4, 7, 6, 5], [1, 5, 6, 8, 9], [10, 5, 3, 4, 7], [2, 3, 5, 8, 10], [10, 5, 6, 4, 3], [5, 8, 4, 9, 2], [10, 1, 4, 2, 5], [10, 1, 4, 2, 5], [10, 1, 4, 2, 5], [8, 4, 9, 10, 5], [1, 2, 3, 6, 7], [7, 1, 6, 2, 4], [3, 5, 8, 9, 10], [5, 2, 10, 7, 3], [1, 4, 6, 8, 9]]
34
===========================
Newborn : ([9, 4, 5, 7, 2], [1, 3, 8, 6, 10])
28
Parents : ([7, 1, 6, 2, 4], [3, 5, 8, 9, 10])
[[9, 3, 10, 8, 6], [5, 6, 7, 9, 10], [9, 3, 10, 7, 8], [5, 4, 7, 9, 10], [2, 9, 6, 7, 10], [3, 5, 7, 8, 10], [3, 6, 7, 8, 9], [6, 5, 10, 2, 9], [8, 5, 3, 7, 9], [6, 7, 10, 4, 5], [5, 3, 6, 8, 10], [10, 9, 5, 6, 2], [4, 2, 7, 9, 10], [2, 3, 7, 9, 10], [1, 7, 5, 8, 10], [1, 5, 7, 8, 9], [10, 2, 8, 7, 3], [10, 5, 8, 4, 3], [1, 5, 6, 10, 8], [8, 4, 7, 6, 5], [1, 5, 6, 8, 9], [10, 5, 3, 4, 7], [2, 3, 5, 8, 10], [10, 5, 6, 4, 3], [5, 8, 4, 9, 2], [10, 1, 4, 2, 5], [10, 1, 4, 2, 5], [10, 1, 4, 2, 5], [8, 4, 9, 10, 5], [1, 2, 3, 6, 7], [7, 1, 6, 2, 4], [3, 5, 8, 9, 10], [5, 2, 10, 7, 3], [1, 4, 6, 8, 9], [9, 4, 5, 7, 2], [1, 3, 8, 6, 10]]
36
===========================
Newborn : ([1, 7, 10, 6, 9], [5, 2, 3, 4, 8])
29
Parents : ([7, 1, 6, 2, 4], [3, 5, 8, 9, 10])
[[9, 3, 10, 8, 6], [5, 6, 7, 9, 10], [9, 3, 10, 7, 8], [5, 4, 7, 9, 10], [2, 9, 6, 7, 10], [3, 5, 7, 8, 10], [3, 6, 7, 8, 9], [6, 5, 10, 2, 9], [8, 5, 3, 7, 9], [6, 7, 10, 4, 5], [5, 3, 6, 8, 10], [10, 9, 5, 6, 2], [4, 2, 7, 9, 10], [2, 3, 7, 9, 10], [1, 7, 5, 8, 10], [1, 5, 7, 8, 9], [10, 2, 8, 7, 3], [10, 5, 8, 4, 3], [1, 5, 6, 10, 8], [8, 4, 7, 6, 5], [1, 5, 6, 8, 9], [10, 5, 3, 4, 7], [2, 3, 5, 8, 10], [10, 5, 6, 4, 3], [5, 8, 4, 9, 2], [10, 1, 4, 2, 5], [10, 1, 4, 2, 5], [10, 1, 4, 2, 5], [8, 4, 9, 10, 5], [1, 2, 3, 6, 7], [7, 1, 6, 2, 4], [3, 5, 8, 9, 10], [5, 2, 10, 7, 3], [1, 4, 6, 8, 9], [9, 4, 5, 7, 2], [1, 3, 8, 6, 10], [1, 7, 10, 6, 9], [5, 2, 3, 4, 8]]
38
===========================
Newborn : ([5, 4, 9, 8, 1], [2, 3, 6, 7, 10])
30
Parents : ([7, 1, 6, 2, 4], [3, 5, 8, 9, 10])
[[9, 3, 10, 8, 6], [5, 6, 7, 9, 10], [9, 3, 10, 7, 8], [5, 4, 7, 9, 10], [2, 9, 6, 7, 10], [3, 5, 7, 8, 10], [3, 6, 7, 8, 9], [6, 5, 10, 2, 9], [8, 5, 3, 7, 9], [6, 7, 10, 4, 5], [5, 3, 6, 8, 10], [10, 9, 5, 6, 2], [4, 2, 7, 9, 10], [2, 3, 7, 9, 10], [1, 7, 5, 8, 10], [1, 5, 7, 8, 9], [10, 2, 8, 7, 3], [10, 5, 8, 4, 3], [1, 5, 6, 10, 8], [8, 4, 7, 6, 5], [1, 5, 6, 8, 9], [10, 5, 3, 4, 7], [2, 3, 5, 8, 10], [10, 5, 6, 4, 3], [5, 8, 4, 9, 2], [10, 1, 4, 2, 5], [10, 1, 4, 2, 5], [10, 1, 4, 2, 5], [8, 4, 9, 10, 5], [1, 2, 3, 6, 7], [7, 1, 6, 2, 4], [3, 5, 8, 9, 10], [5, 2, 10, 7, 3], [1, 4, 6, 8, 9], [9, 4, 5, 7, 2], [1, 3, 8, 6, 10], [1, 7, 10, 6, 9], [5, 2, 3, 4, 8], [5, 4, 9, 8, 1], [2, 3, 6, 7, 10]]
40
===========================
Newborn : ([10, 6, 5, 2, 3], [1, 4, 7, 8, 9])
31
Parents : ([7, 1, 6, 2, 4], [3, 5, 8, 9, 10])
[[9, 3, 10, 8, 6], [5, 6, 7, 9, 10], [9, 3, 10, 7, 8], [5, 4, 7, 9, 10], [2, 9, 6, 7, 10], [3, 5, 7, 8, 10], [3, 6, 7, 8, 9], [6, 5, 10, 2, 9], [8, 5, 3, 7, 9], [6, 7, 10, 4, 5], [5, 3, 6, 8, 10], [10, 9, 5, 6, 2], [4, 2, 7, 9, 10], [2, 3, 7, 9, 10], [1, 7, 5, 8, 10], [1, 5, 7, 8, 9], [10, 2, 8, 7, 3], [10, 5, 8, 4, 3], [1, 5, 6, 10, 8], [8, 4, 7, 6, 5], [1, 5, 6, 8, 9], [10, 5, 3, 4, 7], [2, 3, 5, 8, 10], [10, 5, 6, 4, 3], [5, 8, 4, 9, 2], [10, 1, 4, 2, 5], [10, 1, 4, 2, 5], [10, 1, 4, 2, 5], [8, 4, 9, 10, 5], [1, 2, 3, 6, 7], [7, 1, 6, 2, 4], [3, 5, 8, 9, 10], [5, 2, 10, 7, 3], [1, 4, 6, 8, 9], [9, 4, 5, 7, 2], [1, 3, 8, 6, 10], [1, 7, 10, 6, 9], [5, 2, 3, 4, 8], [5, 4, 9, 8, 1], [2, 3, 6, 7, 10], [10, 6, 5, 2, 3], [1, 4, 7, 8, 9]]
42
===========================
Newborn : ([10, 4, 7, 1, 3], [5, 6, 2, 8, 9])
32
Parents : ([7, 1, 6, 2, 4], [3, 5, 8, 9, 10])
[[9, 3, 10, 8, 6], [5, 6, 7, 9, 10], [9, 3, 10, 7, 8], [5, 4, 7, 9, 10], [2, 9, 6, 7, 10], [3, 5, 7, 8, 10], [3, 6, 7, 8, 9], [6, 5, 10, 2, 9], [8, 5, 3, 7, 9], [6, 7, 10, 4, 5], [5, 3, 6, 8, 10], [10, 9, 5, 6, 2], [4, 2, 7, 9, 10], [2, 3, 7, 9, 10], [1, 7, 5, 8, 10], [1, 5, 7, 8, 9], [10, 2, 8, 7, 3], [10, 5, 8, 4, 3], [1, 5, 6, 10, 8], [8, 4, 7, 6, 5], [1, 5, 6, 8, 9], [10, 5, 3, 4, 7], [2, 3, 5, 8, 10], [10, 5, 6, 4, 3], [5, 8, 4, 9, 2], [10, 1, 4, 2, 5], [10, 1, 4, 2, 5], [10, 1, 4, 2, 5], [8, 4, 9, 10, 5], [1, 2, 3, 6, 7], [7, 1, 6, 2, 4], [3, 5, 8, 9, 10], [5, 2, 10, 7, 3], [1, 4, 6, 8, 9], [9, 4, 5, 7, 2], [1, 3, 8, 6, 10], [1, 7, 10, 6, 9], [5, 2, 3, 4, 8], [5, 4, 9, 8, 1], [2, 3, 6, 7, 10], [10, 6, 5, 2, 3], [1, 4, 7, 8, 9], [10, 4, 7, 1, 3], [5, 6, 2, 8, 9]]
44
===========================
Newborn : ([10, 7, 5, 1, 3], [2, 4, 6, 8, 9])
33
Parents : ([7, 1, 6, 2, 4], [3, 5, 8, 9, 10])
[[9, 3, 10, 8, 6], [5, 6, 7, 9, 10], [9, 3, 10, 7, 8], [5, 4, 7, 9, 10], [2, 9, 6, 7, 10], [3, 5, 7, 8, 10], [3, 6, 7, 8, 9], [6, 5, 10, 2, 9], [8, 5, 3, 7, 9], [6, 7, 10, 4, 5], [5, 3, 6, 8, 10], [10, 9, 5, 6, 2], [4, 2, 7, 9, 10], [2, 3, 7, 9, 10], [1, 7, 5, 8, 10], [1, 5, 7, 8, 9], [10, 2, 8, 7, 3], [10, 5, 8, 4, 3], [1, 5, 6, 10, 8], [8, 4, 7, 6, 5], [1, 5, 6, 8, 9], [10, 5, 3, 4, 7], [2, 3, 5, 8, 10], [10, 5, 6, 4, 3], [5, 8, 4, 9, 2], [10, 1, 4, 2, 5], [10, 1, 4, 2, 5], [10, 1, 4, 2, 5], [8, 4, 9, 10, 5], [1, 2, 3, 6, 7], [7, 1, 6, 2, 4], [3, 5, 8, 9, 10], [5, 2, 10, 7, 3], [1, 4, 6, 8, 9], [9, 4, 5, 7, 2], [1, 3, 8, 6, 10], [1, 7, 10, 6, 9], [5, 2, 3, 4, 8], [5, 4, 9, 8, 1], [2, 3, 6, 7, 10], [10, 6, 5, 2, 3], [1, 4, 7, 8, 9], [10, 4, 7, 1, 3], [5, 6, 2, 8, 9], [10, 7, 5, 1, 3], [2, 4, 6, 8, 9]]
46
===========================
Newborn : ([5, 2, 7, 4, 3], [1, 6, 8, 9, 10])
34
Parents : ([7, 1, 6, 2, 4], [3, 5, 8, 9, 10])
[[9, 3, 10, 8, 6], [5, 6, 7, 9, 10], [9, 3, 10, 7, 8], [5, 4, 7, 9, 10], [2, 9, 6, 7, 10], [3, 5, 7, 8, 10], [3, 6, 7, 8, 9], [6, 5, 10, 2, 9], [8, 5, 3, 7, 9], [6, 7, 10, 4, 5], [5, 3, 6, 8, 10], [10, 9, 5, 6, 2], [4, 2, 7, 9, 10], [2, 3, 7, 9, 10], [1, 7, 5, 8, 10], [1, 5, 7, 8, 9], [10, 2, 8, 7, 3], [10, 5, 8, 4, 3], [1, 5, 6, 10, 8], [8, 4, 7, 6, 5], [1, 5, 6, 8, 9], [10, 5, 3, 4, 7], [2, 3, 5, 8, 10], [10, 5, 6, 4, 3], [5, 8, 4, 9, 2], [10, 1, 4, 2, 5], [10, 1, 4, 2, 5], [10, 1, 4, 2, 5], [8, 4, 9, 10, 5], [1, 2, 3, 6, 7], [7, 1, 6, 2, 4], [3, 5, 8, 9, 10], [5, 2, 10, 7, 3], [1, 4, 6, 8, 9], [9, 4, 5, 7, 2], [1, 3, 8, 6, 10], [1, 7, 10, 6, 9], [5, 2, 3, 4, 8], [5, 4, 9, 8, 1], [2, 3, 6, 7, 10], [10, 6, 5, 2, 3], [1, 4, 7, 8, 9], [10, 4, 7, 1, 3], [5, 6, 2, 8, 9], [10, 7, 5, 1, 3], [2, 4, 6, 8, 9], [5, 2, 7, 4, 3], [1, 6, 8, 9, 10]]
48
===========================
Newborn : ([10, 2, 9, 7, 8], [1, 3, 4, 5, 6])
35
Parents : ([1, 3, 4, 5, 6], [10, 2, 9, 7, 8])
[[9, 3, 10, 8, 6], [5, 6, 7, 9, 10], [9, 3, 10, 7, 8], [5, 4, 7, 9, 10], [2, 9, 6, 7, 10], [3, 5, 7, 8, 10], [3, 6, 7, 8, 9], [6, 5, 10, 2, 9], [8, 5, 3, 7, 9], [6, 7, 10, 4, 5], [5, 3, 6, 8, 10], [10, 9, 5, 6, 2], [4, 2, 7, 9, 10], [2, 3, 7, 9, 10], [1, 7, 5, 8, 10], [1, 5, 7, 8, 9], [10, 2, 8, 7, 3], [10, 5, 8, 4, 3], [1, 5, 6, 10, 8], [8, 4, 7, 6, 5], [1, 5, 6, 8, 9], [10, 5, 3, 4, 7], [2, 3, 5, 8, 10], [10, 5, 6, 4, 3], [5, 8, 4, 9, 2], [10, 1, 4, 2, 5], [10, 1, 4, 2, 5], [10, 1, 4, 2, 5], [8, 4, 9, 10, 5], [1, 2, 3, 6, 7], [7, 1, 6, 2, 4], [3, 5, 8, 9, 10], [5, 2, 10, 7, 3], [1, 4, 6, 8, 9], [9, 4, 5, 7, 2], [1, 3, 8, 6, 10], [1, 7, 10, 6, 9], [5, 2, 3, 4, 8], [5, 4, 9, 8, 1], [2, 3, 6, 7, 10], [10, 6, 5, 2, 3], [1, 4, 7, 8, 9], [10, 4, 7, 1, 3], [5, 6, 2, 8, 9], [10, 7, 5, 1, 3], [2, 4, 6, 8, 9], [5, 2, 7, 4, 3], [1, 6, 8, 9, 10], [10, 2, 9, 7, 8], [1, 3, 4, 5, 6]]
50
