====================== SUM==========================
IT : 
 23
[0, 1, 1, 1, 2, 3, 3, 4, 4, 4, 4, 4, 5, 5, 6, 6, 6, 6, 6, 7, 7, 8, 8, 8, 8, 9, 9, 9, 9, 10, 10, 11, 11, 11, 11, 11, 12, 12, 13, 13, 13, 13, 13, 14, 14, 15, 16, 17, 18, 18]
[[9, 3, 10, 8, 6], [5, 6, 7, 9, 10], [9, 3, 10, 7, 8], [5, 4, 7, 9, 10], [2, 9, 6, 7, 10], [3, 5, 7, 8, 10], [3, 6, 7, 8, 9], [6, 5, 10, 2, 9], [8, 5, 3, 7, 9], [6, 7, 10, 4, 5], [5, 3, 6, 8, 10], [10, 9, 5, 6, 2], [2, 3, 7, 9, 10], [1, 7, 5, 8, 10], [1, 5, 7, 8, 9], [10, 2, 8, 7, 3], [10, 5, 8, 4, 3], [1, 5, 6, 10, 8], [8, 4, 7, 6, 5], [1, 5, 6, 8, 9], [10, 5, 3, 4, 7], [2, 3, 5, 8, 10], [10, 5, 6, 4, 3], [5, 8, 4, 9, 2], [1, 4, 6, 8, 9], [6, 7, 9, 4, 1], [1, 2, 7, 8, 9], [1, 3, 7, 6, 10], [7, 3, 5, 2, 10], [3, 7, 10, 4, 2], [1, 2, 6, 8, 9], [3, 2, 10, 4, 6], [1, 4, 5, 6, 9], [1, 2, 6, 7, 9], [4, 3, 9, 7, 2], [1, 2, 3, 9, 10], [8, 1, 5, 6, 4], [3, 2, 6, 4, 9], [3, 4, 7, 8, 1], [1, 2, 4, 6, 10], [1, 2, 3, 8, 9], [1, 2, 4, 7, 9], [1, 3, 4, 8, 7], [6, 9, 4, 2, 1], [10, 1, 4, 2, 5], [3, 4, 8, 5, 1], [1, 2, 3, 6, 8], [1, 2, 4, 5, 7], [3, 4, 1, 8, 2], [2, 1, 4, 5, 6]]
====================== PROD ==========================
IT : 
 23
[0.11111111111111116, 0.19999999999999996, 0.19999999999999996, 0.19999999999999996, 0.2222222222222222, 0.33333333333333326, 0.33333333333333326, 0.33333333333333337, 0.3999999999999999, 0.4666666666666667, 0.5, 0.8666666666666667, 0.8666666666666667, 1.1, 1.4, 1.6666666666666665, 1.7999999999999998, 2.0, 2.5, 2.6, 3.0, 3.2, 3.2, 3.666666666666667, 3.8, 4.833333333333333, 5.0, 5.666666666666667, 5.666666666666667, 6.0, 6.777777777777778, 7.0, 8.333333333333334, 9.0, 9.5, 10.666666666666666, 12.333333333333334, 14.0, 14.0, 17.666666666666668, 19.0, 20.0, 20.0, 22.333333333333332, 22.333333333333332, 24.2, 34.0, 35.0, 41.0, 51.5]
[[10, 1, 4, 2, 5], [1, 2, 3, 8, 9], [6, 9, 4, 2, 1], [1, 2, 3, 6, 8], [1, 2, 4, 5, 7], [3, 4, 8, 5, 1], [1, 2, 4, 6, 10], [2, 1, 4, 5, 6], [1, 2, 4, 7, 9], [3, 4, 1, 8, 2], [1, 2, 3, 9, 10], [3, 4, 7, 8, 1], [1, 3, 4, 8, 7], [1, 2, 6, 7, 9], [1, 2, 6, 8, 9], [8, 1, 5, 6, 4], [1, 2, 7, 8, 9], [1, 4, 5, 6, 9], [1, 3, 7, 6, 10], [3, 2, 6, 4, 9], [3, 2, 10, 4, 6], [6, 7, 9, 4, 1], [4, 3, 9, 7, 2], [3, 7, 10, 4, 2], [1, 4, 6, 8, 9], [7, 3, 5, 2, 10], [1, 5, 6, 8, 9], [2, 3, 5, 8, 10], [1, 5, 6, 10, 8], [1, 5, 7, 8, 9], [1, 7, 5, 8, 10], [5, 8, 4, 9, 2], [10, 2, 8, 7, 3], [10, 5, 6, 4, 3], [2, 3, 7, 9, 10], [10, 5, 3, 4, 7], [10, 5, 8, 4, 3], [6, 5, 10, 2, 9], [10, 9, 5, 6, 2], [8, 4, 7, 6, 5], [5, 3, 6, 8, 10], [2, 9, 6, 7, 10], [8, 5, 3, 7, 9], [6, 7, 10, 4, 5], [3, 5, 7, 8, 10], [3, 6, 7, 8, 9], [5, 4, 7, 9, 10], [9, 3, 10, 8, 6], [9, 3, 10, 7, 8], [5, 6, 7, 9, 10]]
====================== SUM==========================
IT : 
 24
[0, 1, 1, 1, 2, 3, 3, 4, 4, 4, 4, 4, 4, 5, 5, 6, 6, 6, 6, 6, 7, 7, 8, 8, 8, 8, 13, 14, 14, 14, 14, 14, 14, 14, 14, 14, 14, 14, 14, 14, 14, 14, 14, 14, 14, 14, 14, 14, 14, 14, 14, 14]
[[9, 3, 10, 8, 6], [5, 6, 7, 9, 10], [9, 3, 10, 7, 8], [5, 4, 7, 9, 10], [2, 9, 6, 7, 10], [3, 5, 7, 8, 10], [3, 6, 7, 8, 9], [6, 5, 10, 2, 9], [8, 5, 3, 7, 9], [6, 7, 10, 4, 5], [5, 3, 6, 8, 10], [10, 9, 5, 6, 2], [4, 2, 7, 9, 10], [2, 3, 7, 9, 10], [1, 7, 5, 8, 10], [1, 5, 7, 8, 9], [10, 2, 8, 7, 3], [10, 5, 8, 4, 3], [1, 5, 6, 10, 8], [8, 4, 7, 6, 5], [1, 5, 6, 8, 9], [10, 5, 3, 4, 7], [2, 3, 5, 8, 10], [10, 5, 6, 4, 3], [5, 8, 4, 9, 2], [1, 4, 6, 8, 9], [6, 5, 1, 8, 3], [10, 1, 4, 2, 5], [10, 1, 4, 2, 5], [10, 1, 4, 2, 5], [10, 1, 4, 2, 5], [10, 1, 4, 2, 5], [10, 1, 4, 2, 5], [10, 1, 4, 2, 5], [10, 1, 4, 2, 5], [10, 1, 4, 2, 5], [10, 1, 4, 2, 5], [10, 1, 4, 2, 5], [10, 1, 4, 2, 5], [10, 1, 4, 2, 5], [10, 1, 4, 2, 5], [10, 1, 4, 2, 5], [10, 1, 4, 2, 5], [10, 1, 4, 2, 5], [10, 1, 4, 2, 5], [10, 1, 4, 2, 5], [10, 1, 4, 2, 5], [10, 1, 4, 2, 5], [10, 1, 4, 2, 5], [10, 1, 4, 2, 5], [10, 1, 4, 2, 5], [10, 1, 4, 2, 5]]
====================== PROD ==========================
IT : 
 24
[0.11111111111111116, 0.11111111111111116, 0.11111111111111116, 0.11111111111111116, 0.11111111111111116, 0.11111111111111116, 0.11111111111111116, 0.11111111111111116, 0.11111111111111116, 0.11111111111111116, 0.11111111111111116, 0.11111111111111116, 0.11111111111111116, 0.11111111111111116, 0.11111111111111116, 0.11111111111111116, 0.11111111111111116, 0.11111111111111116, 0.11111111111111116, 0.11111111111111116, 0.11111111111111116, 0.11111111111111116, 0.11111111111111116, 0.11111111111111116, 0.11111111111111116, 1.0, 3.8, 5.0, 5.666666666666667, 5.666666666666667, 6.0, 6.777777777777778, 7.0, 8.333333333333334, 9.0, 9.5, 10.666666666666666, 12.333333333333334, 13.0, 14.0, 14.0, 17.666666666666668, 19.0, 20.0, 20.0, 22.333333333333332, 22.333333333333332, 24.2, 34.0, 35.0, 41.0, 51.5]
[[10, 1, 4, 2, 5], [10, 1, 4, 2, 5], [10, 1, 4, 2, 5], [10, 1, 4, 2, 5], [10, 1, 4, 2, 5], [10, 1, 4, 2, 5], [10, 1, 4, 2, 5], [10, 1, 4, 2, 5], [10, 1, 4, 2, 5], [10, 1, 4, 2, 5], [10, 1, 4, 2, 5], [10, 1, 4, 2, 5], [10, 1, 4, 2, 5], [10, 1, 4, 2, 5], [10, 1, 4, 2, 5], [10, 1, 4, 2, 5], [10, 1, 4, 2, 5], [10, 1, 4, 2, 5], [10, 1, 4, 2, 5], [10, 1, 4, 2, 5], [10, 1, 4, 2, 5], [10, 1, 4, 2, 5], [10, 1, 4, 2, 5], [10, 1, 4, 2, 5], [10, 1, 4, 2, 5], [6, 5, 1, 8, 3], [1, 4, 6, 8, 9], [1, 5, 6, 8, 9], [1, 5, 6, 10, 8], [2, 3, 5, 8, 10], [1, 5, 7, 8, 9], [1, 7, 5, 8, 10], [5, 8, 4, 9, 2], [10, 2, 8, 7, 3], [10, 5, 6, 4, 3], [2, 3, 7, 9, 10], [10, 5, 3, 4, 7], [10, 5, 8, 4, 3], [4, 2, 7, 9, 10], [6, 5, 10, 2, 9], [10, 9, 5, 6, 2], [8, 4, 7, 6, 5], [5, 3, 6, 8, 10], [2, 9, 6, 7, 10], [8, 5, 3, 7, 9], [3, 5, 7, 8, 10], [6, 7, 10, 4, 5], [3, 6, 7, 8, 9], [5, 4, 7, 9, 10], [9, 3, 10, 8, 6], [9, 3, 10, 7, 8], [5, 6, 7, 9, 10]]
====================== SUM==========================
IT : 
 35
[0, 0, 0, 1, 1, 1, 1, 2, 2, 3, 3, 3, 4, 4, 4, 4, 4, 4, 5, 5, 6, 6, 6, 6, 6, 6, 7, 7, 7, 7, 8, 8, 8, 8, 8, 8, 9, 9, 9, 10, 10, 11, 14, 14, 14, 14, 15, 16, 17, 17]
[[9, 3, 10, 8, 6], [8, 4, 9, 10, 5], [10, 2, 9, 7, 8], [5, 6, 7, 9, 10], [9, 3, 10, 7, 8], [5, 4, 7, 9, 10], [3, 5, 8, 9, 10], [2, 9, 6, 7, 10], [1, 6, 8, 9, 10], [3, 5, 7, 8, 10], [3, 6, 7, 8, 9], [1, 7, 10, 6, 9], [6, 5, 10, 2, 9], [8, 5, 3, 7, 9], [6, 7, 10, 4, 5], [5, 3, 6, 8, 10], [10, 9, 5, 6, 2], [4, 2, 7, 9, 10], [2, 3, 7, 9, 10], [1, 7, 5, 8, 10], [1, 5, 7, 8, 9], [10, 2, 8, 7, 3], [10, 5, 8, 4, 3], [1, 5, 6, 10, 8], [8, 4, 7, 6, 5], [5, 6, 2, 8, 9], [1, 5, 6, 8, 9], [10, 5, 3, 4, 7], [1, 4, 7, 8, 9], [2, 4, 6, 8, 9], [2, 3, 5, 8, 10], [10, 5, 6, 4, 3], [5, 8, 4, 9, 2], [1, 4, 6, 8, 9], [1, 3, 8, 6, 10], [2, 3, 6, 7, 10], [5, 2, 10, 7, 3], [9, 4, 5, 7, 2], [5, 4, 9, 8, 1], [10, 6, 5, 2, 3], [10, 7, 5, 1, 3], [10, 4, 7, 1, 3], [10, 1, 4, 2, 5], [10, 1, 4, 2, 5], [10, 1, 4, 2, 5], [5, 2, 3, 4, 8], [5, 2, 7, 4, 3], [7, 1, 6, 2, 4], [1, 2, 3, 6, 7], [1, 3, 4, 5, 6]]
====================== PROD ==========================
IT : 
 35
[0.0, 0.06666666666666665, 0.11111111111111116, 0.11111111111111116, 0.11111111111111116, 0.30000000000000004, 1.3333333333333335, 1.3333333333333335, 1.6666666666666665, 1.9166666666666665, 3.0, 3.0, 3.8, 4.0, 4.6, 4.833333333333333, 5.0, 5.666666666666667, 5.666666666666667, 6.0, 6.0, 6.0, 6.777777777777778, 7.0, 8.333333333333334, 8.6, 9.0, 9.5, 9.5, 10.666666666666666, 11.0, 11.0, 12.333333333333334, 13.0, 14.0, 14.0, 17.666666666666668, 19.0, 20.0, 20.0, 22.333333333333332, 22.333333333333332, 24.2, 27.0, 29.0, 34.0, 35.0, 39.0, 41.0, 51.5]
[[1, 3, 4, 5, 6], [7, 1, 6, 2, 4], [10, 1, 4, 2, 5], [10, 1, 4, 2, 5], [10, 1, 4, 2, 5], [1, 2, 3, 6, 7], [10, 4, 7, 1, 3], [5, 2, 7, 4, 3], [5, 2, 3, 4, 8], [10, 7, 5, 1, 3], [1, 3, 8, 6, 10], [5, 4, 9, 8, 1], [1, 4, 6, 8, 9], [10, 6, 5, 2, 3], [1, 4, 7, 8, 9], [5, 2, 10, 7, 3], [1, 5, 6, 8, 9], [1, 5, 6, 10, 8], [2, 3, 5, 8, 10], [1, 5, 7, 8, 9], [9, 4, 5, 7, 2], [2, 3, 6, 7, 10], [1, 7, 5, 8, 10], [5, 8, 4, 9, 2], [10, 2, 8, 7, 3], [2, 4, 6, 8, 9], [10, 5, 6, 4, 3], [2, 3, 7, 9, 10], [1, 7, 10, 6, 9], [10, 5, 3, 4, 7], [5, 6, 2, 8, 9], [1, 6, 8, 9, 10], [10, 5, 8, 4, 3], [4, 2, 7, 9, 10], [6, 5, 10, 2, 9], [10, 9, 5, 6, 2], [8, 4, 7, 6, 5], [5, 3, 6, 8, 10], [2, 9, 6, 7, 10], [8, 5, 3, 7, 9], [3, 5, 7, 8, 10], [6, 7, 10, 4, 5], [3, 6, 7, 8, 9], [10, 2, 9, 7, 8], [3, 5, 8, 9, 10], [5, 4, 7, 9, 10], [9, 3, 10, 8, 6], [8, 4, 9, 10, 5], [9, 3, 10, 7, 8], [5, 6, 7, 9, 10]]
