================================================
IT : 48
[0, 0, 1, 1, 2, 2, 3, 3, 3, 3, 3, 3, 3, 3, 3, 4, 4, 5, 5, 5, 5, 5, 5, 5, 5, 5, 6, 6, 6, 7, 7, 7, 7, 7, 7, 7, 7, 7, 7, 7, 7, 8, 8, 8, 8, 8, 8, 8, 8, 8, 9, 9, 9, 9, 9, 9, 9, 9, 9, 10, 10, 10, 10, 10, 10, 10, 10, 10, 10, 10, 10, 11, 11, 11, 12, 12, 12, 12, 12, 12, 12, 12, 12, 13, 13, 14, 14, 14, 14, 14, 14, 14, 14, 15, 15, 16, 17, 17, 18, 20]
================================================
IT : 48
[0.06666666666666665, 0.06666666666666665, 0.19999999999999996, 0.19999999999999996, 0.19999999999999996, 0.33333333333333326, 0.4, 0.4, 0.41666666666666663, 0.5, 0.5, 0.5, 0.5, 0.5, 0.6, 0.6000000000000001, 0.8, 0.8, 0.9444444444444444, 1.0, 1.0, 1.1, 1.1, 1.1, 1.3333333333333335, 1.3333333333333335, 1.4, 1.5, 2.0, 2.111111111111111, 2.3333333333333335, 2.3333333333333335, 2.5, 2.5, 2.5, 2.6, 3.0, 3.0, 3.0, 3.0, 3.8, 3.8, 4.0, 4.0, 4.0, 4.0, 4.0, 4.0, 4.25, 4.25, 4.333333333333333, 4.333333333333333, 4.6, 4.6, 4.6, 4.6, 4.6, 4.6, 4.833333333333333, 4.833333333333333, 6.0, 6.0, 6.0, 6.0, 6.777777777777778, 7.0, 7.0, 7.0, 7.4, 7.4, 8.0, 8.333333333333334, 10.2, 10.666666666666666, 11.0, 11.0, 12.333333333333334, 12.333333333333334, 12.333333333333334, 13.0, 13.0, 13.4, 14.555555555555555, 14.555555555555555, 16.5, 17.666666666666668, 17.666666666666668, 17.666666666666668, 17.666666666666668, 17.666666666666668, 20.0, 22.333333333333332, 22.333333333333332, 29.0, 29.0, 34.0, 45.666666666666664, 45.666666666666664, 47.0, 69.0]
================================================
IT : 49
[0, 0, 1, 1, 2, 2, 3, 3, 3, 3, 3, 3, 3, 3, 3, 4, 4, 4, 5, 5, 5, 5, 5, 5, 5, 5, 5, 6, 6, 6, 7, 7, 7, 7, 7, 7, 7, 7, 7, 7, 7, 7, 8, 8, 8, 8, 8, 8, 8, 8, 8, 13, 15, 15, 15, 15, 15, 15, 15, 15, 15, 15, 15, 15, 15, 15, 15, 15, 15, 15, 15, 15, 15, 15, 15, 15, 15, 15, 15, 15, 15, 15, 15, 15, 15, 15, 15, 15, 15, 15, 15, 15, 15, 15, 15, 15, 15, 15, 15, 15, 15]
================================================
IT : 49
[0.06666666666666665, 0.06666666666666665, 0.06666666666666665, 0.06666666666666665, 0.06666666666666665, 0.06666666666666665, 0.06666666666666665, 0.06666666666666665, 0.06666666666666665, 0.06666666666666665, 0.06666666666666665, 0.06666666666666665, 0.06666666666666665, 0.06666666666666665, 0.06666666666666665, 0.06666666666666665, 0.06666666666666665, 0.06666666666666665, 0.06666666666666665, 0.06666666666666665, 0.06666666666666665, 0.06666666666666665, 0.06666666666666665, 0.06666666666666665, 0.06666666666666665, 0.06666666666666665, 0.06666666666666665, 0.06666666666666665, 0.06666666666666665, 0.06666666666666665, 0.06666666666666665, 0.06666666666666665, 0.06666666666666665, 0.06666666666666665, 0.06666666666666665, 0.06666666666666665, 0.06666666666666665, 0.06666666666666665, 0.06666666666666665, 0.06666666666666665, 0.06666666666666665, 0.06666666666666665, 0.06666666666666665, 0.06666666666666665, 0.06666666666666665, 0.06666666666666665, 0.06666666666666665, 0.06666666666666665, 0.06666666666666665, 0.5555555555555556, 2.111111111111111, 3.8, 3.8, 4.0, 4.0, 4.0, 4.0, 4.25, 4.333333333333333, 4.6, 4.6, 6.0, 6.0, 6.0, 6.0, 6.777777777777778, 7.0, 7.0, 7.0, 7.4, 7.4, 8.333333333333334, 10.2, 10.666666666666666, 11.0, 11.0, 12.333333333333334, 12.333333333333334, 12.333333333333334, 13.0, 13.0, 13.4, 14.555555555555555, 14.555555555555555, 16.5, 17.0, 17.666666666666668, 17.666666666666668, 17.666666666666668, 17.666666666666668, 17.666666666666668, 20.0, 22.333333333333332, 22.333333333333332, 29.0, 29.0, 34.0, 45.666666666666664, 45.666666666666664, 47.0, 69.0]
================================================
IT : 73
[0, 0, 0, 1, 1, 1, 1, 2, 2, 2, 2, 3, 3, 3, 3, 3, 3, 3, 3, 3, 3, 3, 3, 3, 4, 4, 4, 4, 4, 5, 5, 5, 5, 5, 5, 5, 5, 5, 5, 5, 5, 6, 6, 6, 6, 6, 6, 6, 7, 7, 7, 7, 7, 7, 7, 7, 7, 7, 7, 7, 7, 7, 7, 7, 7, 8, 8, 8, 8, 8, 8, 8, 8, 8, 9, 10, 10, 10, 10, 10, 11, 11, 11, 11, 12, 12, 12, 13, 13, 14, 14, 14, 14, 15, 15, 15, 15, 16, 17, 18]
================================================
IT : 73
[0.0, 0.050000000000000044, 0.06666666666666665, 0.06666666666666665, 0.16666666666666674, 0.16666666666666674, 0.19999999999999996, 0.2222222222222222, 0.3999999999999999, 0.41666666666666663, 0.5, 0.6000000000000001, 0.8666666666666667, 1.0, 1.0, 1.1, 1.3333333333333335, 1.6666666666666665, 1.6666666666666665, 1.7999999999999998, 2.0, 2.111111111111111, 3.0, 3.2, 3.666666666666667, 3.666666666666667, 3.8, 4.0, 4.0, 4.0, 4.0, 4.0, 4.25, 4.333333333333333, 4.6, 4.6, 4.6, 5.0, 5.0, 5.666666666666667, 6.0, 6.0, 6.0, 6.0, 6.0, 6.777777777777778, 7.0, 7.0, 7.0, 7.4, 7.4, 8.333333333333334, 8.333333333333334, 9.0, 9.5, 9.5, 10.2, 10.666666666666666, 11.0, 11.0, 11.0, 12.333333333333334, 12.333333333333334, 12.333333333333334, 12.333333333333334, 13.0, 13.0, 13.0, 13.0, 13.4, 14.0, 14.555555555555555, 14.555555555555555, 16.5, 16.5, 17.0, 17.666666666666668, 17.666666666666668, 17.666666666666668, 17.666666666666668, 17.666666666666668, 17.666666666666668, 19.0, 20.0, 22.333333333333332, 22.333333333333332, 22.333333333333332, 23.0, 23.0, 25.666666666666668, 27.0, 29.0, 29.0, 34.0, 35.0, 45.666666666666664, 45.666666666666664, 47.0, 47.0, 69.0]
================================================
IT : 74
[0, 0, 0, 1, 1, 1, 1, 2, 2, 2, 2, 3, 3, 3, 3, 3, 3, 3, 3, 3, 3, 3, 3, 3, 4, 4, 4, 4, 4, 4, 5, 5, 5, 5, 5, 5, 5, 5, 5, 5, 5, 5, 6, 6, 6, 6, 6, 6, 6, 7, 7, 13, 15, 15, 15, 15, 15, 15, 15, 15, 15, 15, 15, 15, 15, 15, 15, 15, 15, 15, 15, 15, 15, 15, 15, 15, 15, 15, 15, 15, 15, 15, 15, 15, 15, 15, 15, 15, 15, 15, 15, 15, 15, 15, 15, 15, 15, 15, 15, 15, 15, 15]
================================================
IT : 74
[0.0, 0.0, 0.0, 0.0, 0.0, 0.0, 0.0, 0.0, 0.0, 0.0, 0.0, 0.0, 0.0, 0.0, 0.0, 0.0, 0.0, 0.0, 0.0, 0.0, 0.0, 0.0, 0.0, 0.0, 0.0, 0.0, 0.0, 0.0, 0.0, 0.0, 0.0, 0.0, 0.0, 0.0, 0.0, 0.0, 0.0, 0.0, 0.0, 0.0, 0.0, 0.0, 0.0, 0.0, 0.0, 0.0, 0.0, 0.0, 0.0, 0.0, 2.5, 3.0, 4.333333333333333, 6.0, 6.0, 6.777777777777778, 7.0, 7.4, 8.333333333333334, 9.0, 9.5, 10.2, 10.666666666666666, 11.0, 11.0, 11.0, 12.333333333333334, 12.333333333333334, 12.333333333333334, 12.333333333333334, 13.0, 13.4, 14.0, 14.555555555555555, 14.555555555555555, 16.5, 16.5, 17.0, 17.666666666666668, 17.666666666666668, 17.666666666666668, 17.666666666666668, 17.666666666666668, 17.666666666666668, 19.0, 20.0, 22.333333333333332, 22.333333333333332, 22.333333333333332, 23.0, 23.0, 25.666666666666668, 27.0, 29.0, 29.0, 34.0, 35.0, 45.666666666666664, 45.666666666666664, 47.0, 47.0, 69.0]
